   0.100  3.5492E+0001  0  0.000000E+0000 fundoA   
   0.300  3.5492E+0001  0  0.000000E+0000
   0.500  3.5640E+0001  0  0.000000E+0000
   0.700  3.5640E+0001  2  1.000000E+0001
   0.900  3.5492E+0001  1  5.000000E+0000
   1.100  3.5640E+0001  0  0.000000E+0000
   1.300  3.5640E+0001  0  0.000000E+0000
   1.500  3.5640E+0001  0  0.000000E+0000
   1.700  3.5640E+0001  0  0.000000E+0000
   1.900  3.5492E+0001  0  0.000000E+0000
   2.100  3.5492E+0001  0  0.000000E+0000
   2.300  3.5492E+0001  0  0.000000E+0000
   2.500  3.5492E+0001  0  0.000000E+0000
   2.700  3.5492E+0001  0  0.000000E+0000
   2.900  3.5492E+0001  1  5.000000E+0000
   3.100  3.5492E+0001  0  0.000000E+0000
   3.300  3.5492E+0001  0  0.000000E+0000
   3.500  3.5492E+0001  0  0.000000E+0000
   3.700  3.5492E+0001  1  5.000000E+0000
   3.900  3.5492E+0001  0  0.000000E+0000
   4.100  3.5492E+0001  0  0.000000E+0000
   4.300  3.5492E+0001  0  0.000000E+0000
   4.500  3.5492E+0001  1  5.000000E+0000
   4.700  3.5492E+0001  0  0.000000E+0000
   4.900  3.5492E+0001  0  0.000000E+0000
   5.100  3.5492E+0001  1  5.000000E+0000
   5.300  3.5492E+0001  1  5.000000E+0000
   5.500  3.5492E+0001  1  5.000000E+0000
   5.700  3.5492E+0001  1  5.000000E+0000
   5.900  3.5492E+0001  0  0.000000E+0000
   6.100  3.5492E+0001  0  0.000000E+0000
   6.300  3.5393E+0001  0  0.000000E+0000
   6.500  3.5393E+0001  0  0.000000E+0000
   6.700  3.5492E+0001  0  0.000000E+0000
   6.900  3.5393E+0001  0  0.000000E+0000
   7.100  3.5393E+0001  1  5.000000E+0000
   7.300  3.6234E+0001  0  0.000000E+0000
   7.500  3.7372E+0001  0  0.000000E+0000
   7.700  3.8262E+0001  1  5.000000E+0000
   7.900  3.9352E+0001  0  0.000000E+0000
   8.100  4.0441E+0001  0  0.000000E+0000
   8.300  4.1432E+0001  0  0.000000E+0000
   8.500  4.2324E+0001  0  0.000000E+0000
   8.700  4.3067E+0001  0  0.000000E+0000
   8.900  4.4059E+0001  0  0.000000E+0000
   9.100  4.4952E+0001  0  0.000000E+0000
   9.300  4.6193E+0001  2  1.000000E+0001
   9.500  4.7682E+0001  0  0.000000E+0000
   9.700  4.8526E+0001  0  0.000000E+0000
   9.900  4.9122E+0001  1  5.000000E+0000
  10.100  4.9619E+0001  0  0.000000E+0000
  10.300  5.0761E+0001  0  0.000000E+0000
  10.500  5.2153E+0001  0  0.000000E+0000
  10.700  5.2999E+0001  0  0.000000E+0000
  10.900  5.4093E+0001  2  1.000000E+0001
  11.100  5.5337E+0001  0  0.000000E+0000
  11.300  5.6083E+0001  0  0.000000E+0000
  11.500  5.6731E+0001  1  5.000000E+0000
  11.700  5.7726E+0001  0  0.000000E+0000
  11.900  5.8723E+0001  0  0.000000E+0000
  12.100  5.9470E+0001  0  0.000000E+0000
  12.300  6.0815E+0001  0  0.000000E+0000
  12.500  6.2311E+0001  0  0.000000E+0000
  12.700  6.2959E+0001  0  0.000000E+0000
  12.900  6.3957E+0001  1  5.000000E+0000
  13.100  6.5304E+0001  0  0.000000E+0000
  13.300  6.6052E+0001  0  0.000000E+0000
  13.500  6.6552E+0001  0  0.000000E+0000
  13.700  6.7450E+0001  0  0.000000E+0000
  13.900  6.8948E+0001  0  0.000000E+0000
  14.100  7.0197E+0001  1  5.000000E+0000
  14.300  7.0947E+0001  0  0.000000E+0000
  14.500  7.1796E+0001  0  0.000000E+0000
  14.700  7.2796E+0001  0  0.000000E+0000
  14.900  7.3546E+0001  0  0.000000E+0000
  15.100  7.4546E+0001  0  0.000000E+0000
  15.300  7.5696E+0001  1  5.000000E+0000
  15.500  7.6447E+0001  0  0.000000E+0000
  15.700  7.7548E+0001  1  5.000000E+0000
  15.900  7.8799E+0001  1  5.000000E+0000
  16.100  7.9700E+0001  0  0.000000E+0000
  16.300  8.0351E+0001  0  0.000000E+0000
  16.500  8.1453E+0001  2  1.000000E+0001
  16.700  8.2554E+0001  0  0.000000E+0000
  16.900  8.3306E+0001  0  0.000000E+0000
  17.100  8.4308E+0001  0  0.000000E+0000
  17.300  8.5310E+0001  0  0.000000E+0000
  17.500  8.6313E+0001  0  0.000000E+0000
  17.700  8.7566E+0001  0  0.000000E+0000
  17.900  8.8720E+0001  0  0.000000E+0000
  18.100  8.9622E+0001  0  0.000000E+0000
  18.300  9.0626E+0001  1  5.000000E+0000
  18.500  9.1880E+0001  1  5.000000E+0000
  18.700  9.2733E+0001  0  0.000000E+0000
  18.900  9.3335E+0001  0  0.000000E+0000
  19.100  9.4490E+0001  0  0.000000E+0000
  19.300  9.5394E+0001  0  0.000000E+0000
  19.500  9.6750E+0001  3  1.500000E+0001
  19.700  9.8005E+0001  0  0.000000E+0000
  19.900  9.8507E+0001  0  0.000000E+0000
  20.100  9.9512E+0001  2  1.000000E+0001
  20.300  1.0052E+0002  1  5.000000E+0000
  20.500  1.0162E+0002  1  5.000000E+0000
  20.700  1.0278E+0002  0  0.000000E+0000
  20.900  1.0343E+0002  1  5.000000E+0000
  21.100  1.0454E+0002  1  5.000000E+0000
  21.300  1.0590E+0002  1  5.000000E+0000
  21.500  1.0665E+0002  0  0.000000E+0000
  21.700  1.0715E+0002  1  5.000000E+0000
  21.900  1.0816E+0002  1  5.000000E+0000
  22.100  1.0957E+0002  0  0.000000E+0000
  22.300  1.1082E+0002  0  0.000000E+0000
  22.500  1.1158E+0002  0  0.000000E+0000
  22.700  1.1248E+0002  1  5.000000E+0000
  22.900  1.1374E+0002  1  5.000000E+0000
  23.100  1.1500E+0002  0  0.000000E+0000
  23.300  1.1586E+0002  0  0.000000E+0000
  23.500  1.1686E+0002  0  0.000000E+0000
  23.700  1.1812E+0002  0  0.000000E+0000
  23.900  1.1888E+0002  0  0.000000E+0000
  24.100  1.1953E+0002  1  5.000000E+0000
  24.300  1.2054E+0002  0  0.000000E+0000
  24.500  1.2215E+0002  0  0.000000E+0000
  24.700  1.2316E+0002  0  0.000000E+0000
  24.900  1.2331E+0002  2  1.000000E+0001
  25.100  1.2442E+0002  0  0.000000E+0000
  25.300  1.2603E+0002  2  1.000000E+0001
  25.500  1.2653E+0002  1  5.000000E+0000
  25.700  1.2744E+0002  1  5.000000E+0000
  25.900  1.2870E+0002  0  0.000000E+0000
  26.100  1.2946E+0002  1  5.000000E+0000
  26.300  1.3072E+0002  1  5.000000E+0000
  26.500  1.3198E+0002  0  0.000000E+0000
  26.700  1.3273E+0002  0  0.000000E+0000
  26.900  1.3359E+0002  1  5.000000E+0000
  27.100  1.3435E+0002  0  0.000000E+0000
  27.300  1.3525E+0002  0  0.000000E+0000
  27.500  1.3626E+0002  1  5.000000E+0000
  27.700  1.3737E+0002  1  5.000000E+0000
  27.900  1.3863E+0002  0  0.000000E+0000
  28.100  1.3939E+0002  0  0.000000E+0000
  28.300  1.4065E+0002  0  0.000000E+0000
  28.500  1.4191E+0002  0  0.000000E+0000
  28.700  1.4241E+0002  0  0.000000E+0000
  28.900  1.4342E+0002  1  5.000000E+0000
  29.100  1.4468E+0002  0  0.000000E+0000
  29.300  1.4559E+0002  0  0.000000E+0000
  29.500  1.4675E+0002  0  0.000000E+0000
  29.700  1.4776E+0002  0  0.000000E+0000
  29.900  1.4811E+0002  0  0.000000E+0000
  30.100  1.4922E+0002  0  0.000000E+0000
  30.300  1.5038E+0002  2  1.000000E+0001
  30.500  1.5139E+0002  1  5.000000E+0000
  30.700  1.5275E+0002  0  0.000000E+0000
  30.900  1.5351E+0002  0  0.000000E+0000
  31.100  1.5442E+0002  0  0.000000E+0000
  31.300  1.5542E+0002  0  0.000000E+0000
  31.500  1.5679E+0002  0  0.000000E+0000
  31.700  1.5795E+0002  0  0.000000E+0000
  31.900  1.5845E+0002  0  0.000000E+0000
  32.100  1.5931E+0002  1  5.000000E+0000
  32.300  1.6057E+0002  2  1.000000E+0001
  32.500  1.6173E+0002  0  0.000000E+0000
  32.700  1.6274E+0002  0  0.000000E+0000
  32.900  1.6359E+0002  0  0.000000E+0000
  33.100  1.6435E+0002  0  0.000000E+0000
  33.300  1.6536E+0002  0  0.000000E+0000
  33.500  1.6662E+0002  0  0.000000E+0000
  33.700  1.6763E+0002  0  0.000000E+0000
  33.900  1.6879E+0002  0  0.000000E+0000
  34.100  1.6995E+0002  0  0.000000E+0000
  34.300  1.7055E+0002  1  5.000000E+0000
  34.500  1.7166E+0002  0  0.000000E+0000
  34.700  1.7282E+0002  0  0.000000E+0000
  34.900  1.7373E+0002  0  0.000000E+0000
  35.100  1.7459E+0002  0  0.000000E+0000
  35.300  1.7544E+0002  1  5.000000E+0000
  35.500  1.7671E+0002  0  0.000000E+0000
  35.700  1.7786E+0002  0  0.000000E+0000
  35.900  1.7887E+0002  0  0.000000E+0000
  36.100  1.7948E+0002  0  0.000000E+0000
  36.300  1.8023E+0002  1  5.000000E+0000
  36.500  1.8165E+0002  0  0.000000E+0000
  36.700  1.8255E+0002  2  1.000000E+0001
  36.900  1.8356E+0002  0  0.000000E+0000
  37.100  1.8467E+0002  1  5.000000E+0000
  37.300  1.8553E+0002  0  0.000000E+0000
  37.500  1.8643E+0002  2  1.000000E+0001
  37.700  1.8734E+0002  0  0.000000E+0000
  37.900  1.8860E+0002  2  1.000000E+0001
  38.100  1.8971E+0002  0  0.000000E+0000
  38.300  1.9046E+0002  0  0.000000E+0000
  38.500  1.9172E+0002  2  1.000000E+0001
  38.700  1.9273E+0002  2  1.000000E+0001
  38.900  1.9349E+0002  1  5.000000E+0000
  39.100  1.9485E+0002  1  5.000000E+0000
  39.300  1.9560E+0002  0  0.000000E+0000
  39.500  1.9636E+0002  0  0.000000E+0000
  39.700  1.9751E+0002  1  5.000000E+0000
  39.900  1.9852E+0002  1  5.000000E+0000
  40.100  1.9953E+0002  2  1.000000E+0001
  40.300  2.0053E+0002  0  0.000000E+0000
  40.500  2.0154E+0002  1  5.000000E+0000
  40.700  2.0270E+0002  0  0.000000E+0000
  40.900  2.0371E+0002  0  0.000000E+0000
  41.100  2.0446E+0002  2  1.000000E+0001
  41.300  2.0557E+0002  0  0.000000E+0000
  41.500  2.0657E+0002  1  5.000000E+0000
  41.700  2.0758E+0002  0  0.000000E+0000
  41.900  2.0884E+0002  0  0.000000E+0000
  42.100  2.0984E+0002  1  5.000000E+0000
  42.300  2.1070E+0002  2  1.000000E+0001
  42.500  2.1160E+0002  2  1.000000E+0001
  42.700  2.1261E+0002  0  0.000000E+0000
  42.900  2.1361E+0002  0  0.000000E+0000
  43.100  2.1437E+0002  1  5.000000E+0000
  43.300  2.1522E+0002  3  1.500000E+0001
  43.500  2.1638E+0002  0  0.000000E+0000
  43.700  2.1738E+0002  0  0.000000E+0000
  43.900  2.1839E+0002  1  5.000000E+0000
  44.100  2.1939E+0002  1  5.000000E+0000
  44.300  2.2075E+0002  2  1.000000E+0001
  44.500  2.2190E+0002  1  5.000000E+0000
  44.700  2.2291E+0002  3  1.500000E+0001
  44.900  2.2391E+0002  0  0.000000E+0000
  45.100  2.2492E+0002  0  0.000000E+0000
  45.300  2.2602E+0002  1  5.000000E+0000
  45.500  2.2693E+0002  3  1.500000E+0001
  45.700  2.2793E+0002  3  1.500000E+0001
  45.900  2.2868E+0002  1  5.000000E+0000
  46.100  2.2969E+0002  0  0.000000E+0000
  46.300  2.3054E+0002  1  5.000000E+0000
  46.500  2.3154E+0002  1  5.000000E+0000
  46.700  2.3254E+0002  1  5.000000E+0000
  46.900  2.3330E+0002  1  5.000000E+0000
  47.100  2.3455E+0002  1  5.000000E+0000
  47.300  2.3555E+0002  3  1.500000E+0001
  47.500  2.3656E+0002  1  5.000000E+0000
  47.700  2.3771E+0002  3  1.500000E+0001
  47.900  2.3846E+0002  3  1.500000E+0001
  48.100  2.3946E+0002  0  0.000000E+0000
  48.300  2.4072E+0002  1  5.000000E+0000
  48.500  2.4132E+0002  1  5.000000E+0000
  48.700  2.4222E+0002  0  0.000000E+0000
  48.900  2.4387E+0002  1  5.000000E+0000
  49.100  2.4497E+0002  1  5.000000E+0000
  49.300  2.4557E+0002  1  5.000000E+0000
  49.500  2.4632E+0002  1  5.000000E+0000
  49.700  2.4748E+0002  2  1.000000E+0001
  49.900  2.4848E+0002  0  0.000000E+0000
  50.100  2.4973E+0002  1  5.000000E+0000
  50.300  2.5048E+0002  2  1.000000E+0001
  50.500  2.5158E+0002  2  1.000000E+0001
  50.700  2.5283E+0002  0  0.000000E+0000
  50.900  2.5373E+0002  4  2.000001E+0001
  51.100  2.5448E+0002  2  1.000000E+0001
  51.300  2.5533E+0002  0  0.000000E+0000
  51.500  2.5633E+0002  0  0.000000E+0000
  51.700  2.5758E+0002  2  1.000000E+0001
  51.900  2.5872E+0002  1  5.000000E+0000
  52.100  2.5947E+0002  10  5.000005E+0001
  52.300  2.6047E+0002  3  1.500000E+0001
  52.500  2.6137E+0002  2  1.000000E+0001
  52.700  2.6272E+0002  4  2.000001E+0001
  52.900  2.6332E+0002  5  2.500001E+0001
  53.100  2.6422E+0002  4  2.000001E+0001
  53.300  2.6536E+0002  3  1.500000E+0001
  53.500  2.6661E+0002  4  2.000001E+0001
  53.700  2.6746E+0002  3  1.500000E+0001
  53.900  2.6831E+0002  5  2.500001E+0001
  54.100  2.6980E+0002  1  5.000000E+0000
  54.300  2.7095E+0002  3  1.500000E+0001
  54.500  2.7160E+0002  4  2.000001E+0001
  54.700  2.7235E+0002  6  3.000002E+0001
  54.900  2.7344E+0002  4  2.000001E+0001
  55.100  2.7429E+0002  4  2.000001E+0001
  55.300  2.7519E+0002  3  1.500000E+0001
  55.500  2.7643E+0002  4  2.000001E+0001
  55.700  2.7753E+0002  2  1.000000E+0001
  55.900  2.7867E+0002  3  1.500000E+0001
  56.100  2.7967E+0002  4  2.000001E+0001
  56.300  2.8026E+0002  6  3.000002E+0001
   0.100  3.3515E+0001  0  0.000000E+0000 acr01    
   0.300  3.3515E+0001  0  0.000000E+0000
   0.500  3.3515E+0001  0  0.000000E+0000
   0.700  3.3515E+0001  1  5.000000E+0000
   0.900  3.3663E+0001  0  0.000000E+0000
   1.100  3.3663E+0001  0  0.000000E+0000
   1.300  3.3663E+0001  1  5.000000E+0000
   1.500  3.3663E+0001  1  5.000000E+0000
   1.700  3.3515E+0001  0  0.000000E+0000
   1.900  3.3515E+0001  0  0.000000E+0000
   2.100  3.3515E+0001  1  5.000000E+0000
   2.300  3.3515E+0001  1  5.000000E+0000
   2.500  3.3515E+0001  0  0.000000E+0000
   2.700  3.3515E+0001  0  0.000000E+0000
   2.900  3.3515E+0001  0  0.000000E+0000
   3.100  3.3515E+0001  0  0.000000E+0000
   3.300  3.3515E+0001  1  5.000000E+0000
   3.500  3.3515E+0001  1  5.000000E+0000
   3.700  3.3515E+0001  0  0.000000E+0000
   3.900  3.3515E+0001  0  0.000000E+0000
   4.100  3.3515E+0001  0  0.000000E+0000
   4.300  3.3663E+0001  1  5.000000E+0000
   4.500  3.3910E+0001  0  0.000000E+0000
   4.700  3.4009E+0001  2  1.000000E+0001
   4.900  3.3910E+0001  1  5.000000E+0000
   5.100  3.3910E+0001  0  0.000000E+0000
   5.300  3.3910E+0001  0  0.000000E+0000
   5.500  3.3812E+0001  0  0.000000E+0000
   5.700  3.3663E+0001  0  0.000000E+0000
   5.900  3.3663E+0001  0  0.000000E+0000
   6.100  3.3812E+0001  1  5.000000E+0000
   6.300  3.3812E+0001  1  5.000000E+0000
   6.500  3.3812E+0001  0  0.000000E+0000
   6.700  3.3910E+0001  0  0.000000E+0000
   6.900  3.4256E+0001  0  0.000000E+0000
   7.100  3.5146E+0001  0  0.000000E+0000
   7.300  3.6135E+0001  1  5.000000E+0000
   7.500  3.6877E+0001  1  5.000000E+0000
   7.700  3.7867E+0001  1  5.000000E+0000
   7.900  3.9104E+0001  0  0.000000E+0000
   8.100  3.9995E+0001  0  0.000000E+0000
   8.300  4.0837E+0001  0  0.000000E+0000
   8.500  4.2423E+0001  0  0.000000E+0000
   8.700  4.3910E+0001  2  1.000000E+0001
   8.900  4.4654E+0001  1  5.000000E+0000
   9.100  4.5299E+0001  1  5.000000E+0000
   9.300  4.6043E+0001  0  0.000000E+0000
   9.500  4.7135E+0001  1  5.000000E+0000
   9.700  4.8377E+0001  0  0.000000E+0000
   9.900  4.9122E+0001  0  0.000000E+0000
  10.100  5.0115E+0001  1  5.000000E+0000
  10.300  5.1507E+0001  1  5.000000E+0000
  10.500  5.2501E+0001  2  1.000000E+0001
  10.700  5.3347E+0001  1  5.000000E+0000
  10.900  5.4093E+0001  2  1.000000E+0001
  11.100  5.5088E+0001  0  0.000000E+0000
  11.300  5.6332E+0001  0  0.000000E+0000
  11.500  5.7328E+0001  1  5.000000E+0000
  11.700  5.8224E+0001  0  0.000000E+0000
  11.900  5.8972E+0001  0  0.000000E+0000
  12.100  5.9819E+0001  0  0.000000E+0000
  12.300  6.0815E+0001  1  5.000000E+0000
  12.500  6.1812E+0001  0  0.000000E+0000
  12.700  6.3059E+0001  1  5.000000E+0000
  12.900  6.4056E+0001  0  0.000000E+0000
  13.100  6.4555E+0001  0  0.000000E+0000
  13.300  6.5454E+0001  1  5.000000E+0000
  13.500  6.6851E+0001  0  0.000000E+0000
  13.700  6.8099E+0001  0  0.000000E+0000
  13.900  6.8948E+0001  1  5.000000E+0000
  14.100  6.9797E+0001  0  0.000000E+0000
  14.300  7.0547E+0001  0  0.000000E+0000
  14.500  7.1446E+0001  1  5.000000E+0000
  14.700  7.2696E+0001  0  0.000000E+0000
  14.900  7.3546E+0001  0  0.000000E+0000
  15.100  7.4696E+0001  2  1.000000E+0001
  15.300  7.6197E+0001  0  0.000000E+0000
  15.500  7.6797E+0001  2  1.000000E+0001
  15.700  7.7548E+0001  0  0.000000E+0000
  15.900  7.8799E+0001  0  0.000000E+0000
  16.100  7.9800E+0001  2  1.000000E+0001
  16.300  8.0701E+0001  0  0.000000E+0000
  16.500  8.1703E+0001  0  0.000000E+0000
  16.700  8.2705E+0001  0  0.000000E+0000
  16.900  8.3707E+0001  1  5.000000E+0000
  17.100  8.4960E+0001  0  0.000000E+0000
  17.300  8.6213E+0001  1  5.000000E+0000
  17.500  8.6814E+0001  1  5.000000E+0000
  17.700  8.7316E+0001  4  2.000001E+0001
  17.900  8.8469E+0001  0  0.000000E+0000
  18.100  8.9873E+0001  0  0.000000E+0000
  18.300  9.0877E+0001  0  0.000000E+0000
  18.500  9.1880E+0001  0  0.000000E+0000
  18.700  9.2984E+0001  0  0.000000E+0000
  18.900  9.3586E+0001  1  5.000000E+0000
  19.100  9.4490E+0001  1  5.000000E+0000
  19.300  9.5494E+0001  1  5.000000E+0000
  19.500  9.6749E+0001  0  0.000000E+0000
  19.700  9.7905E+0001  1  5.000000E+0000
  19.900  9.8507E+0001  0  0.000000E+0000
  20.100  9.9512E+0001  2  1.000000E+0001
  20.300  1.0077E+0002  2  1.000000E+0001
  20.500  1.0177E+0002  2  1.000000E+0001
  20.700  1.0228E+0002  1  5.000000E+0000
  20.900  1.0313E+0002  2  1.000000E+0001
  21.100  1.0464E+0002  0  0.000000E+0000
  21.300  1.0564E+0002  2  1.000000E+0001
  21.500  1.0640E+0002  1  5.000000E+0000
  21.700  1.0730E+0002  4  2.000001E+0001
  21.900  1.0831E+0002  1  5.000000E+0000
  22.100  1.0932E+0002  1  5.000000E+0000
  22.300  1.1047E+0002  1  5.000000E+0000
  22.500  1.1133E+0002  4  2.000001E+0001
  22.700  1.1218E+0002  0  0.000000E+0000
  22.900  1.1344E+0002  2  1.000000E+0001
  23.100  1.1445E+0002  1  5.000000E+0000
  23.300  1.1545E+0002  0  0.000000E+0000
  23.500  1.1696E+0002  2  1.000000E+0001
  23.700  1.1822E+0002  3  1.500000E+0001
  23.900  1.1863E+0002  2  1.000000E+0001
  24.100  1.1953E+0002  4  2.000001E+0001
  24.300  1.2079E+0002  1  5.000000E+0000
  24.500  1.2140E+0002  2  1.000000E+0001
  24.700  1.2240E+0002  4  2.000001E+0001
  24.900  1.2381E+0002  2  1.000000E+0001
  25.100  1.2482E+0002  4  2.000001E+0001
  25.300  1.2593E+0002  5  2.500001E+0001
  25.500  1.2669E+0002  4  2.000001E+0001
  25.700  1.2744E+0002  9  4.500004E+0001
  25.900  1.2855E+0002  4  2.000001E+0001
  26.100  1.2931E+0002  5  2.500001E+0001
  26.300  1.3046E+0002  6  3.000002E+0001
  26.500  1.3172E+0002  4  2.000001E+0001
  26.700  1.3273E+0002  8  4.000003E+0001
  26.900  1.3349E+0002  5  2.500001E+0001
  27.100  1.3435E+0002  4  2.000001E+0001
  27.300  1.3535E+0002  12  6.000007E+0001
  27.500  1.3661E+0002  10  5.000005E+0001
  27.700  1.3787E+0002  9  4.500004E+0001
  27.900  1.3863E+0002  6  3.000002E+0001
  28.100  1.3979E+0002  6  3.000002E+0001
  28.300  1.4070E+0002  9  4.500004E+0001
  28.500  1.4156E+0002  12  6.000007E+0001
  28.700  1.4266E+0002  8  4.000003E+0001
  28.900  1.4342E+0002  8  4.000003E+0001
  29.100  1.4443E+0002  6  3.000002E+0001
  29.300  1.4544E+0002  3  1.500000E+0001
  29.500  1.4635E+0002  3  1.500000E+0001
  29.700  1.4761E+0002  8  4.000003E+0001
  29.900  1.4887E+0002  3  1.500000E+0001
  30.100  1.5003E+0002  5  2.500001E+0001
  30.300  1.5063E+0002  3  1.500000E+0001
  30.500  1.5139E+0002  7  3.500002E+0001
  30.700  1.5255E+0002  4  2.000001E+0001
  30.900  1.5356E+0002  3  1.500000E+0001
  31.100  1.5457E+0002  6  3.000002E+0001
  31.300  1.5542E+0002  9  4.500004E+0001
  31.500  1.5653E+0002  0  0.000000E+0000
  31.700  1.5779E+0002  4  2.000001E+0001
  31.900  1.5880E+0002  7  3.500002E+0001
  32.100  1.5971E+0002  3  1.500000E+0001
  32.300  1.6072E+0002  4  2.000001E+0001
  32.500  1.6148E+0002  11  5.500006E+0001
  32.700  1.6274E+0002  7  3.500002E+0001
  32.900  1.6410E+0002  4  2.000001E+0001
  33.100  1.6486E+0002  8  4.000003E+0001
  33.300  1.6576E+0002  9  4.500004E+0001
  33.500  1.6677E+0002  12  6.000007E+0001
  33.700  1.6803E+0002  14  7.000010E+0001
  33.900  1.6879E+0002  11  5.500006E+0001
  34.100  1.6965E+0002  10  5.000005E+0001
  34.300  1.7040E+0002  13  6.500008E+0001
  34.500  1.7141E+0002  8  4.000003E+0001
  34.700  1.7292E+0002  14  7.000010E+0001
  34.900  1.7368E+0002  10  5.000005E+0001
  35.100  1.7494E+0002  6  3.000002E+0001
  35.300  1.7585E+0002  16  8.000012E+0001
  35.500  1.7676E+0002  14  7.000010E+0001
  35.700  1.7786E+0002  18  9.000016E+0001
  35.900  1.7862E+0002  8  4.000003E+0001
  36.100  1.7978E+0002  17  8.500014E+0001
  36.300  1.8064E+0002  12  6.000007E+0001
  36.500  1.8175E+0002  12  6.000007E+0001
  36.700  1.8326E+0002  14  7.000010E+0001
  36.900  1.8401E+0002  26  1.300003E+0002
  37.100  1.8492E+0002  18  9.000016E+0001
  37.300  1.8568E+0002  24  1.200003E+0002
  37.500  1.8653E+0002  28  1.400004E+0002
  37.700  1.8794E+0002  23  1.150003E+0002
  37.900  1.8870E+0002  33  1.650005E+0002
  38.100  1.8971E+0002  25  1.250003E+0002
  38.300  1.9097E+0002  19  9.500018E+0001
  38.500  1.9157E+0002  24  1.200003E+0002
  38.700  1.9258E+0002  34  1.700006E+0002
  38.900  1.9374E+0002  31  1.550005E+0002
  39.100  1.9474E+0002  39  1.950008E+0002
  39.300  1.9560E+0002  28  1.400004E+0002
  39.500  1.9636E+0002  30  1.500004E+0002
  39.700  1.9761E+0002  42  2.100009E+0002
  39.900  1.9913E+0002  34  1.700006E+0002
  40.100  2.0003E+0002  36  1.800006E+0002
  40.300  2.0053E+0002  41  2.050008E+0002
  40.500  2.0164E+0002  66  3.300022E+0002
  40.700  2.0265E+0002  51  2.550013E+0002
  40.900  2.0340E+0002  52  2.600013E+0002
  41.100  2.0441E+0002  74  3.700027E+0002
  41.300  2.0557E+0002  62  3.100019E+0002
  41.500  2.0682E+0002  71  3.550025E+0002
  41.700  2.0793E+0002  75  3.750028E+0002
  41.900  2.0869E+0002  65  3.250021E+0002
  42.100  2.0984E+0002  66  3.300022E+0002
  42.300  2.1075E+0002  88  4.400039E+0002
  42.500  2.1160E+0002  116  5.800067E+0002
  42.700  2.1271E+0002  87  4.350038E+0002
  42.900  2.1371E+0002  103  5.150053E+0002
  43.100  2.1487E+0002  98  4.900048E+0002
  43.300  2.1562E+0002  113  5.650063E+0002
  43.500  2.1648E+0002  114  5.700065E+0002
  43.700  2.1774E+0002  103  5.150053E+0002
  43.900  2.1864E+0002  121  6.050073E+0002
  44.100  2.1954E+0002  98  4.900048E+0002
  44.300  2.2040E+0002  110  5.500060E+0002
  44.500  2.2150E+0002  121  6.050073E+0002
  44.700  2.2276E+0002  145  7.250105E+0002
  44.900  2.2401E+0002  117  5.850068E+0002
  45.100  2.2467E+0002  98  4.900048E+0002
  45.300  2.2542E+0002  119  5.950071E+0002
  45.500  2.2652E+0002  120  6.000072E+0002
  45.700  2.2753E+0002  122  6.100074E+0002
  45.900  2.2828E+0002  140  7.000098E+0002
  46.100  2.2928E+0002  140  7.000098E+0002
  46.300  2.3054E+0002  120  6.000072E+0002
  46.500  2.3169E+0002  117  5.850068E+0002
  46.700  2.3270E+0002  116  5.800067E+0002
  46.900  2.3355E+0002  123  6.150076E+0002
  47.100  2.3505E+0002  98  4.900048E+0002
  47.300  2.3570E+0002  90  4.500040E+0002
  47.500  2.3661E+0002  87  4.350038E+0002
  47.700  2.3786E+0002  78  3.900031E+0002
  47.900  2.3871E+0002  69  3.450023E+0002
  48.100  2.3956E+0002  61  3.050019E+0002
  48.300  2.4057E+0002  37  1.850007E+0002
  48.500  2.4157E+0002  37  1.850007E+0002
  48.700  2.4247E+0002  32  1.600005E+0002
  48.900  2.4347E+0002  22  1.100002E+0002
  49.100  2.4457E+0002  25  1.250003E+0002
  49.300  2.4557E+0002  11  5.500006E+0001
  49.500  2.4657E+0002  19  9.500018E+0001
  49.700  2.4783E+0002  16  8.000012E+0001
  49.900  2.4883E+0002  11  5.500006E+0001
  50.100  2.4983E+0002  7  3.500002E+0001
  50.300  2.5058E+0002  5  2.500001E+0001
  50.500  2.5148E+0002  9  4.500004E+0001
  50.700  2.5238E+0002  7  3.500002E+0001
  50.900  2.5348E+0002  6  3.000002E+0001
  51.100  2.5458E+0002  4  2.000001E+0001
  51.300  2.5558E+0002  5  2.500001E+0001
  51.500  2.5648E+0002  3  1.500000E+0001
  51.700  2.5763E+0002  3  1.500000E+0001
  51.900  2.5872E+0002  6  3.000002E+0001
  52.100  2.5982E+0002  2  1.000000E+0001
  52.300  2.6057E+0002  3  1.500000E+0001
  52.500  2.6132E+0002  3  1.500000E+0001
  52.700  2.6232E+0002  4  2.000001E+0001
  52.900  2.6332E+0002  4  2.000001E+0001
  53.100  2.6447E+0002  7  3.500002E+0001
  53.300  2.6571E+0002  11  5.500006E+0001
  53.500  2.6671E+0002  1  5.000000E+0000
  53.700  2.6761E+0002  3  1.500000E+0001
  53.900  2.6846E+0002  5  2.500001E+0001
  54.100  2.6921E+0002  3  1.500000E+0001
  54.300  2.7045E+0002  3  1.500000E+0001
  54.500  2.7145E+0002  6  3.000002E+0001
  54.700  2.7259E+0002  4  2.000001E+0001
  54.900  2.7334E+0002  4  2.000001E+0001
  55.100  2.7419E+0002  5  2.500001E+0001
  55.300  2.7504E+0002  3  1.500000E+0001
  55.500  2.7628E+0002  5  2.500001E+0001
  55.700  2.7728E+0002  5  2.500001E+0001
  55.900  2.7827E+0002  4  2.000001E+0001
  56.100  2.7942E+0002  2  1.000000E+0001
  56.300  2.8031E+0002  10  5.000005E+0001
   0.100  3.4998E+0001  0  0.000000E+0000 acr02    
   0.300  3.4998E+0001  0  0.000000E+0000
   0.500  3.4998E+0001  1  5.000000E+0000
   0.700  3.4899E+0001  1  5.000000E+0000
   0.900  3.4899E+0001  0  0.000000E+0000
   1.100  3.4899E+0001  1  5.000000E+0000
   1.300  3.4899E+0001  0  0.000000E+0000
   1.500  3.5146E+0001  1  5.000000E+0000
   1.700  3.5146E+0001  2  1.000000E+0001
   1.900  3.4899E+0001  1  5.000000E+0000
   2.100  3.4899E+0001  1  5.000000E+0000
   2.300  3.4998E+0001  0  0.000000E+0000
   2.500  3.4998E+0001  0  0.000000E+0000
   2.700  3.4998E+0001  1  5.000000E+0000
   2.900  3.4998E+0001  1  5.000000E+0000
   3.100  3.4998E+0001  0  0.000000E+0000
   3.300  3.4998E+0001  2  1.000000E+0001
   3.500  3.4998E+0001  0  0.000000E+0000
   3.700  3.4998E+0001  1  5.000000E+0000
   3.900  3.4998E+0001  0  0.000000E+0000
   4.100  3.4998E+0001  0  0.000000E+0000
   4.300  3.4998E+0001  0  0.000000E+0000
   4.500  3.4998E+0001  0  0.000000E+0000
   4.700  3.4998E+0001  0  0.000000E+0000
   4.900  3.4998E+0001  0  0.000000E+0000
   5.100  3.4998E+0001  0  0.000000E+0000
   5.300  3.4998E+0001  1  5.000000E+0000
   5.500  3.4998E+0001  0  0.000000E+0000
   5.700  3.5146E+0001  1  5.000000E+0000
   5.900  3.5294E+0001  0  0.000000E+0000
   6.100  3.5146E+0001  0  0.000000E+0000
   6.300  3.4998E+0001  0  0.000000E+0000
   6.500  3.5146E+0001  1  5.000000E+0000
   6.700  3.5294E+0001  1  5.000000E+0000
   6.900  3.5294E+0001  0  0.000000E+0000
   7.100  3.5542E+0001  1  5.000000E+0000
   7.300  3.6135E+0001  0  0.000000E+0000
   7.500  3.7223E+0001  2  1.000000E+0001
   7.700  3.8708E+0001  0  0.000000E+0000
   7.900  3.9847E+0001  0  0.000000E+0000
   8.100  4.0590E+0001  0  0.000000E+0000
   8.300  4.1680E+0001  0  0.000000E+0000
   8.500  4.3167E+0001  0  0.000000E+0000
   8.700  4.3811E+0001  0  0.000000E+0000
   8.900  4.4059E+0001  1  5.000000E+0000
   9.100  4.4902E+0001  0  0.000000E+0000
   9.300  4.6143E+0001  0  0.000000E+0000
   9.500  4.7384E+0001  1  5.000000E+0000
   9.700  4.8377E+0001  0  0.000000E+0000
   9.900  4.9271E+0001  0  0.000000E+0000
  10.100  5.0165E+0001  0  0.000000E+0000
  10.300  5.1507E+0001  0  0.000000E+0000
  10.500  5.2601E+0001  0  0.000000E+0000
  10.700  5.2849E+0001  0  0.000000E+0000
  10.900  5.3595E+0001  0  0.000000E+0000
  11.100  5.5088E+0001  0  0.000000E+0000
  11.300  5.6332E+0001  0  0.000000E+0000
  11.500  5.7079E+0001  1  5.000000E+0000
  11.700  5.7826E+0001  0  0.000000E+0000
  11.900  5.8972E+0001  1  5.000000E+0000
  12.100  6.0217E+0001  0  0.000000E+0000
  12.300  6.1214E+0001  0  0.000000E+0000
  12.500  6.1862E+0001  1  5.000000E+0000
  12.700  6.2860E+0001  0  0.000000E+0000
  12.900  6.3957E+0001  0  0.000000E+0000
  13.100  6.5054E+0001  1  5.000000E+0000
  13.300  6.6052E+0001  0  0.000000E+0000
  13.500  6.6801E+0001  0  0.000000E+0000
  13.700  6.7450E+0001  0  0.000000E+0000
  13.900  6.8449E+0001  1  5.000000E+0000
  14.100  6.9698E+0001  1  5.000000E+0000
  14.300  7.0697E+0001  0  0.000000E+0000
  14.500  7.1796E+0001  0  0.000000E+0000
  14.700  7.2946E+0001  1  5.000000E+0000
  14.900  7.3846E+0001  0  0.000000E+0000
  15.100  7.4446E+0001  2  1.000000E+0001
  15.300  7.5546E+0001  0  0.000000E+0000
  15.500  7.6547E+0001  0  0.000000E+0000
  15.700  7.7548E+0001  1  5.000000E+0000
  15.900  7.8949E+0001  1  5.000000E+0000
  16.100  7.9700E+0001  0  0.000000E+0000
  16.300  8.0551E+0001  0  0.000000E+0000
  16.500  8.2054E+0001  1  5.000000E+0000
  16.700  8.2955E+0001  1  5.000000E+0000
  16.900  8.3707E+0001  1  5.000000E+0000
  17.100  8.4709E+0001  0  0.000000E+0000
  17.300  8.5461E+0001  1  5.000000E+0000
  17.500  8.6564E+0001  1  5.000000E+0000
  17.700  8.7566E+0001  1  5.000000E+0000
  17.900  8.8469E+0001  2  1.000000E+0001
  18.100  8.9873E+0001  1  5.000000E+0000
  18.300  9.0726E+0001  2  1.000000E+0001
  18.500  9.1479E+0001  2  1.000000E+0001
  18.700  9.2482E+0001  1  5.000000E+0000
  18.900  9.3335E+0001  1  5.000000E+0000
  19.100  9.4841E+0001  0  0.000000E+0000
  19.300  9.5996E+0001  1  5.000000E+0000
  19.500  9.6649E+0001  0  0.000000E+0000
  19.700  9.7653E+0001  1  5.000000E+0000
  19.900  9.8407E+0001  1  5.000000E+0000
  20.100  9.9412E+0001  1  5.000000E+0000
  20.300  1.0052E+0002  0  0.000000E+0000
  20.500  1.0152E+0002  1  5.000000E+0000
  20.700  1.0243E+0002  1  5.000000E+0000
  20.900  1.0353E+0002  0  0.000000E+0000
  21.100  1.0479E+0002  1  5.000000E+0000
  21.300  1.0554E+0002  1  5.000000E+0000
  21.500  1.0665E+0002  0  0.000000E+0000
  21.700  1.0791E+0002  0  0.000000E+0000
  21.900  1.0881E+0002  0  0.000000E+0000
  22.100  1.0982E+0002  1  5.000000E+0000
  22.300  1.1057E+0002  1  5.000000E+0000
  22.500  1.1133E+0002  2  1.000000E+0001
  22.700  1.1243E+0002  4  2.000001E+0001
  22.900  1.1344E+0002  1  5.000000E+0000
  23.100  1.1460E+0002  0  0.000000E+0000
  23.300  1.1576E+0002  2  1.000000E+0001
  23.500  1.1651E+0002  2  1.000000E+0001
  23.700  1.1752E+0002  0  0.000000E+0000
  23.900  1.1888E+0002  2  1.000000E+0001
  24.100  1.1948E+0002  2  1.000000E+0001
  24.300  1.2049E+0002  4  2.000001E+0001
  24.500  1.2175E+0002  3  1.500000E+0001
  24.700  1.2225E+0002  4  2.000001E+0001
  24.900  1.2341E+0002  3  1.500000E+0001
  25.100  1.2482E+0002  3  1.500000E+0001
  25.300  1.2568E+0002  4  2.000001E+0001
  25.500  1.2669E+0002  4  2.000001E+0001
  25.700  1.2759E+0002  4  2.000001E+0001
  25.900  1.2835E+0002  3  1.500000E+0001
  26.100  1.2946E+0002  3  1.500000E+0001
  26.300  1.3072E+0002  5  2.500001E+0001
  26.500  1.3147E+0002  2  1.000000E+0001
  26.700  1.3258E+0002  4  2.000001E+0001
  26.900  1.3399E+0002  7  3.500002E+0001
  27.100  1.3500E+0002  8  4.000003E+0001
  27.300  1.3601E+0002  5  2.500001E+0001
  27.500  1.3677E+0002  3  1.500000E+0001
  27.700  1.3787E+0002  4  2.000001E+0001
  27.900  1.3888E+0002  3  1.500000E+0001
  28.100  1.3939E+0002  5  2.500001E+0001
  28.300  1.4065E+0002  9  4.500004E+0001
  28.500  1.4206E+0002  8  4.000003E+0001
  28.700  1.4256E+0002  2  1.000000E+0001
  28.900  1.4342E+0002  5  2.500001E+0001
  29.100  1.4493E+0002  8  4.000003E+0001
  29.300  1.4569E+0002  9  4.500004E+0001
  29.500  1.4670E+0002  10  5.000005E+0001
  29.700  1.4771E+0002  8  4.000003E+0001
  29.900  1.4836E+0002  5  2.500001E+0001
  30.100  1.4962E+0002  1  5.000000E+0000
  30.300  1.5063E+0002  2  1.000000E+0001
  30.500  1.5164E+0002  8  4.000003E+0001
  30.700  1.5250E+0002  5  2.500001E+0001
  30.900  1.5376E+0002  4  2.000001E+0001
  31.100  1.5502E+0002  4  2.000001E+0001
  31.300  1.5542E+0002  6  3.000002E+0001
  31.500  1.5643E+0002  4  2.000001E+0001
  31.700  1.5769E+0002  9  4.500004E+0001
  31.900  1.5845E+0002  4  2.000001E+0001
  32.100  1.5981E+0002  7  3.500002E+0001
  32.300  1.6082E+0002  3  1.500000E+0001
  32.500  1.6183E+0002  6  3.000002E+0001
  32.700  1.6299E+0002  4  2.000001E+0001
  32.900  1.6375E+0002  11  5.500006E+0001
  33.100  1.6501E+0002  6  3.000002E+0001
  33.300  1.6576E+0002  11  5.500006E+0001
  33.500  1.6637E+0002  5  2.500001E+0001
  33.700  1.6763E+0002  7  3.500002E+0001
  33.900  1.6864E+0002  5  2.500001E+0001
  34.100  1.6990E+0002  9  4.500004E+0001
  34.300  1.7116E+0002  12  6.000007E+0001
  34.500  1.7156E+0002  10  5.000005E+0001
  34.700  1.7247E+0002  8  4.000003E+0001
  34.900  1.7358E+0002  8  4.000003E+0001
  35.100  1.7459E+0002  6  3.000002E+0001
  35.300  1.7585E+0002  14  7.000010E+0001
  35.500  1.7671E+0002  15  7.500011E+0001
  35.700  1.7786E+0002  8  4.000003E+0001
  35.900  1.7877E+0002  5  2.500001E+0001
  36.100  1.7963E+0002  14  7.000010E+0001
  36.300  1.8049E+0002  15  7.500011E+0001
  36.500  1.8149E+0002  15  7.500011E+0001
  36.700  1.8301E+0002  20  1.000002E+0002
  36.900  1.8401E+0002  19  9.500018E+0001
  37.100  1.8502E+0002  15  7.500011E+0001
  37.300  1.8593E+0002  29  1.450004E+0002
  37.500  1.8668E+0002  15  7.500011E+0001
  37.700  1.8754E+0002  15  7.500011E+0001
  37.900  1.8870E+0002  16  8.000012E+0001
  38.100  1.8971E+0002  24  1.200003E+0002
  38.300  1.9072E+0002  21  1.050002E+0002
  38.500  1.9187E+0002  27  1.350004E+0002
  38.700  1.9273E+0002  24  1.200003E+0002
  38.900  1.9409E+0002  29  1.450004E+0002
  39.100  1.9525E+0002  28  1.400004E+0002
  39.300  1.9565E+0002  30  1.500004E+0002
  39.500  1.9651E+0002  30  1.500004E+0002
  39.700  1.9751E+0002  35  1.750006E+0002
  39.900  1.9867E+0002  34  1.700006E+0002
  40.100  1.9978E+0002  38  1.900007E+0002
  40.300  2.0089E+0002  52  2.600013E+0002
  40.500  2.0164E+0002  44  2.200010E+0002
  40.700  2.0255E+0002  50  2.500013E+0002
  40.900  2.0355E+0002  44  2.200010E+0002
  41.100  2.0466E+0002  51  2.550013E+0002
  41.300  2.0567E+0002  51  2.550013E+0002
  41.500  2.0667E+0002  60  3.000018E+0002
  41.700  2.0808E+0002  46  2.300011E+0002
  41.900  2.0884E+0002  61  3.050019E+0002
  42.100  2.0969E+0002  62  3.100019E+0002
  42.300  2.1045E+0002  84  4.200035E+0002
  42.500  2.1170E+0002  108  5.400058E+0002
  42.700  2.1286E+0002  77  3.850030E+0002
  42.900  2.1351E+0002  77  3.850030E+0002
  43.100  2.1437E+0002  88  4.400039E+0002
  43.300  2.1547E+0002  97  4.850047E+0002
  43.500  2.1648E+0002  94  4.700044E+0002
  43.700  2.1748E+0002  86  4.300037E+0002
  43.900  2.1889E+0002  102  5.100052E+0002
  44.100  2.1964E+0002  105  5.250055E+0002
  44.300  2.2025E+0002  100  5.000050E+0002
  44.500  2.2140E+0002  108  5.400058E+0002
  44.700  2.2241E+0002  103  5.150053E+0002
  44.900  2.2351E+0002  99  4.950049E+0002
  45.100  2.2467E+0002  112  5.600062E+0002
  45.300  2.2542E+0002  138  6.900095E+0002
  45.500  2.2652E+0002  130  6.500085E+0002
  45.700  2.2768E+0002  137  6.850094E+0002
  45.900  2.2858E+0002  135  6.750091E+0002
  46.100  2.2943E+0002  122  6.100074E+0002
  46.300  2.3054E+0002  154  7.700118E+0002
  46.500  2.3144E+0002  146  7.300107E+0002
  46.700  2.3244E+0002  125  6.250078E+0002
  46.900  2.3380E+0002  103  5.150053E+0002
  47.100  2.3455E+0002  120  6.000072E+0002
  47.300  2.3555E+0002  104  5.200054E+0002
  47.500  2.3656E+0002  108  5.400058E+0002
  47.700  2.3771E+0002  101  5.050051E+0002
  47.900  2.3896E+0002  97  4.850047E+0002
  48.100  2.3981E+0002  96  4.800046E+0002
  48.300  2.4072E+0002  83  4.150034E+0002
  48.500  2.4197E+0002  65  3.250021E+0002
  48.700  2.4272E+0002  42  2.100009E+0002
  48.900  2.4347E+0002  43  2.150009E+0002
  49.100  2.4457E+0002  23  1.150003E+0002
  49.300  2.4572E+0002  23  1.150003E+0002
  49.500  2.4672E+0002  12  6.000007E+0001
  49.700  2.4783E+0002  17  8.500014E+0001
  49.900  2.4873E+0002  14  7.000010E+0001
  50.100  2.4948E+0002  11  5.500006E+0001
  50.300  2.5058E+0002  3  1.500000E+0001
  50.500  2.5173E+0002  4  2.000001E+0001
  50.700  2.5273E+0002  4  2.000001E+0001
  50.900  2.5358E+0002  3  1.500000E+0001
  51.100  2.5458E+0002  9  4.500004E+0001
  51.300  2.5558E+0002  8  4.000003E+0001
  51.500  2.5658E+0002  9  4.500004E+0001
  51.700  2.5758E+0002  3  1.500000E+0001
  51.900  2.5848E+0002  4  2.000001E+0001
  52.100  2.5922E+0002  4  2.000001E+0001
  52.300  2.6072E+0002  4  2.000001E+0001
  52.500  2.6172E+0002  4  2.000001E+0001
  52.700  2.6272E+0002  5  2.500001E+0001
  52.900  2.6347E+0002  4  2.000001E+0001
  53.100  2.6432E+0002  1  5.000000E+0000
  53.300  2.6546E+0002  4  2.000001E+0001
  53.500  2.6636E+0002  2  1.000000E+0001
  53.700  2.6736E+0002  6  3.000002E+0001
  53.900  2.6846E+0002  9  4.500004E+0001
  54.100  2.6945E+0002  7  3.500002E+0001
  54.300  2.7020E+0002  3  1.500000E+0001
  54.500  2.7120E+0002  4  2.000001E+0001
  54.700  2.7235E+0002  3  1.500000E+0001
  54.900  2.7359E+0002  3  1.500000E+0001
  55.100  2.7459E+0002  8  4.000003E+0001
  55.300  2.7543E+0002  8  4.000003E+0001
  55.500  2.7643E+0002  8  4.000003E+0001
  55.700  2.7743E+0002  8  4.000003E+0001
  55.900  2.7842E+0002  11  5.500006E+0001
  56.100  2.7917E+0002  10  5.000005E+0001
  56.300  2.8016E+0002  7  3.500002E+0001
   0.100  3.5294E+0001  0  0.000000E+0000 acr03    
   0.300  3.5393E+0001  0  0.000000E+0000
   0.500  3.5393E+0001  1  5.000000E+0000
   0.700  3.5393E+0001  0  0.000000E+0000
   0.900  3.5492E+0001  0  0.000000E+0000
   1.100  3.5393E+0001  0  0.000000E+0000
   1.300  3.5393E+0001  0  0.000000E+0000
   1.500  3.5492E+0001  0  0.000000E+0000
   1.700  3.5492E+0001  0  0.000000E+0000
   1.900  3.5492E+0001  1  5.000000E+0000
   2.100  3.5492E+0001  1  5.000000E+0000
   2.300  3.5492E+0001  0  0.000000E+0000
   2.500  3.5640E+0001  1  5.000000E+0000
   2.700  3.5789E+0001  0  0.000000E+0000
   2.900  3.5640E+0001  0  0.000000E+0000
   3.100  3.5492E+0001  1  5.000000E+0000
   3.300  3.5492E+0001  0  0.000000E+0000
   3.500  3.5739E+0001  1  5.000000E+0000
   3.700  3.5888E+0001  0  0.000000E+0000
   3.900  3.5789E+0001  0  0.000000E+0000
   4.100  3.5640E+0001  0  0.000000E+0000
   4.300  3.5492E+0001  0  0.000000E+0000
   4.500  3.5640E+0001  0  0.000000E+0000
   4.700  3.5640E+0001  0  0.000000E+0000
   4.900  3.5640E+0001  1  5.000000E+0000
   5.100  3.5789E+0001  0  0.000000E+0000
   5.300  3.5789E+0001  0  0.000000E+0000
   5.500  3.5789E+0001  0  0.000000E+0000
   5.700  3.5640E+0001  2  1.000000E+0001
   5.900  3.5640E+0001  2  1.000000E+0001
   6.100  3.5789E+0001  0  0.000000E+0000
   6.300  3.5789E+0001  0  0.000000E+0000
   6.500  3.5789E+0001  0  0.000000E+0000
   6.700  3.5789E+0001  0  0.000000E+0000
   6.900  3.5789E+0001  0  0.000000E+0000
   7.100  3.5888E+0001  0  0.000000E+0000
   7.300  3.6234E+0001  1  5.000000E+0000
   7.500  3.7124E+0001  0  0.000000E+0000
   7.700  3.8361E+0001  0  0.000000E+0000
   7.900  3.9451E+0001  1  5.000000E+0000
   8.100  4.0094E+0001  0  0.000000E+0000
   8.300  4.0837E+0001  0  0.000000E+0000
   8.500  4.2175E+0001  0  0.000000E+0000
   8.700  4.3315E+0001  0  0.000000E+0000
   8.900  4.4208E+0001  0  0.000000E+0000
   9.100  4.5051E+0001  0  0.000000E+0000
   9.300  4.6292E+0001  0  0.000000E+0000
   9.500  4.7533E+0001  0  0.000000E+0000
   9.700  4.8377E+0001  1  5.000000E+0000
   9.900  4.8873E+0001  0  0.000000E+0000
  10.100  4.9867E+0001  0  0.000000E+0000
  10.300  5.1606E+0001  1  5.000000E+0000
  10.500  5.2601E+0001  0  0.000000E+0000
  10.700  5.2999E+0001  1  5.000000E+0000
  10.900  5.3993E+0001  1  5.000000E+0000
  11.100  5.5337E+0001  0  0.000000E+0000
  11.300  5.6083E+0001  1  5.000000E+0000
  11.500  5.6731E+0001  0  0.000000E+0000
  11.700  5.7976E+0001  0  0.000000E+0000
  11.900  5.9221E+0001  0  0.000000E+0000
  12.100  5.9968E+0001  0  0.000000E+0000
  12.300  6.0965E+0001  0  0.000000E+0000
  12.500  6.1962E+0001  0  0.000000E+0000
  12.700  6.2710E+0001  1  5.000000E+0000
  12.900  6.3608E+0001  0  0.000000E+0000
  13.100  6.4456E+0001  1  5.000000E+0000
  13.300  6.5553E+0001  1  5.000000E+0000
  13.500  6.6801E+0001  0  0.000000E+0000
  13.700  6.7700E+0001  0  0.000000E+0000
  13.900  6.8599E+0001  0  0.000000E+0000
  14.100  6.9598E+0001  0  0.000000E+0000
  14.300  7.0447E+0001  1  5.000000E+0000
  14.500  7.1296E+0001  1  5.000000E+0000
  14.700  7.2546E+0001  2  1.000000E+0001
  14.900  7.3796E+0001  1  5.000000E+0000
  15.100  7.4546E+0001  1  5.000000E+0000
  15.300  7.5546E+0001  1  5.000000E+0000
  15.500  7.6797E+0001  0  0.000000E+0000
  15.700  7.7547E+0001  0  0.000000E+0000
  15.900  7.8549E+0001  0  0.000000E+0000
  16.100  7.9550E+0001  0  0.000000E+0000
  16.300  8.0802E+0001  0  0.000000E+0000
  16.500  8.2053E+0001  1  5.000000E+0000
  16.700  8.2454E+0001  1  5.000000E+0000
  16.900  8.3356E+0001  1  5.000000E+0000
  17.100  8.4609E+0001  0  0.000000E+0000
  17.300  8.5711E+0001  0  0.000000E+0000
  17.500  8.6714E+0001  3  1.500000E+0001
  17.700  8.7717E+0001  1  5.000000E+0000
  17.900  8.8569E+0001  0  0.000000E+0000
  18.100  8.9472E+0001  0  0.000000E+0000
  18.300  9.0726E+0001  0  0.000000E+0000
  18.500  9.1328E+0001  1  5.000000E+0000
  18.700  9.2332E+0001  0  0.000000E+0000
  18.900  9.3988E+0001  2  1.000000E+0001
  19.100  9.4741E+0001  2  1.000000E+0001
  19.300  9.5595E+0001  1  5.000000E+0000
  19.500  9.7001E+0001  1  5.000000E+0000
  19.700  9.8005E+0001  1  5.000000E+0000
  19.900  9.9010E+0001  0  0.000000E+0000
  20.100  9.9663E+0001  0  0.000000E+0000
  20.300  1.0077E+0002  2  1.000000E+0001
  20.500  1.0212E+0002  0  0.000000E+0000
  20.700  1.0253E+0002  1  5.000000E+0000
  20.900  1.0343E+0002  1  5.000000E+0000
  21.100  1.0479E+0002  1  5.000000E+0000
  21.300  1.0564E+0002  0  0.000000E+0000
  21.500  1.0665E+0002  0  0.000000E+0000
  21.700  1.0766E+0002  1  5.000000E+0000
  21.900  1.0816E+0002  0  0.000000E+0000
  22.100  1.0916E+0002  1  5.000000E+0000
  22.300  1.1042E+0002  0  0.000000E+0000
  22.500  1.1143E+0002  1  5.000000E+0000
  22.700  1.1259E+0002  3  1.500000E+0001
  22.900  1.1359E+0002  3  1.500000E+0001
  23.100  1.1445E+0002  3  1.500000E+0001
  23.300  1.1561E+0002  2  1.000000E+0001
  23.500  1.1676E+0002  2  1.000000E+0001
  23.700  1.1727E+0002  4  2.000001E+0001
  23.900  1.1853E+0002  2  1.000000E+0001
  24.100  1.2014E+0002  3  1.500000E+0001
  24.300  1.2049E+0002  2  1.000000E+0001
  24.500  1.2150E+0002  9  4.500004E+0001
  24.700  1.2276E+0002  4  2.000001E+0001
  24.900  1.2326E+0002  5  2.500001E+0001
  25.100  1.2427E+0002  3  1.500000E+0001
  25.300  1.2553E+0002  3  1.500000E+0001
  25.500  1.2653E+0002  4  2.000001E+0001
  25.700  1.2754E+0002  2  1.000000E+0001
  25.900  1.2855E+0002  6  3.000002E+0001
  26.100  1.2996E+0002  7  3.500002E+0001
  26.300  1.3122E+0002  6  3.000002E+0001
  26.500  1.3157E+0002  10  5.000005E+0001
  26.700  1.3258E+0002  5  2.500001E+0001
  26.900  1.3359E+0002  7  3.500002E+0001
  27.100  1.3424E+0002  7  3.500002E+0001
  27.300  1.3566E+0002  5  2.500001E+0001
  27.500  1.3677E+0002  2  1.000000E+0001
  27.700  1.3752E+0002  9  4.500004E+0001
  27.900  1.3893E+0002  10  5.000005E+0001
  28.100  1.4019E+0002  2  1.000000E+0001
  28.300  1.4080E+0002  5  2.500001E+0001
  28.500  1.4156E+0002  11  5.500006E+0001
  28.700  1.4256E+0002  3  1.500000E+0001
  28.900  1.4342E+0002  10  5.000005E+0001
  29.100  1.4443E+0002  3  1.500000E+0001
  29.300  1.4569E+0002  2  1.000000E+0001
  29.500  1.4660E+0002  6  3.000002E+0001
  29.700  1.4776E+0002  2  1.000000E+0001
  29.900  1.4877E+0002  6  3.000002E+0001
  30.100  1.4952E+0002  3  1.500000E+0001
  30.300  1.5053E+0002  5  2.500001E+0001
  30.500  1.5154E+0002  2  1.000000E+0001
  30.700  1.5255E+0002  3  1.500000E+0001
  30.900  1.5381E+0002  4  2.000001E+0001
  31.100  1.5467E+0002  4  2.000001E+0001
  31.300  1.5542E+0002  3  1.500000E+0001
  31.500  1.5668E+0002  2  1.000000E+0001
  31.700  1.5779E+0002  1  5.000000E+0000
  31.900  1.5845E+0002  4  2.000001E+0001
  32.100  1.5936E+0002  3  1.500000E+0001
  32.300  1.6037E+0002  10  5.000005E+0001
  32.500  1.6173E+0002  5  2.500001E+0001
  32.700  1.6309E+0002  5  2.500001E+0001
  32.900  1.6375E+0002  4  2.000001E+0001
  33.100  1.6475E+0002  4  2.000001E+0001
  33.300  1.6612E+0002  8  4.000003E+0001
  33.500  1.6687E+0002  11  5.500006E+0001
  33.700  1.6738E+0002  7  3.500002E+0001
  33.900  1.6839E+0002  8  4.000003E+0001
  34.100  1.6939E+0002  9  4.500004E+0001
  34.300  1.7055E+0002  5  2.500001E+0001
  34.500  1.7181E+0002  8  4.000003E+0001
  34.700  1.7282E+0002  8  4.000003E+0001
  34.900  1.7373E+0002  4  2.000001E+0001
  35.100  1.7524E+0002  16  8.000012E+0001
  35.300  1.7610E+0002  12  6.000007E+0001
  35.500  1.7660E+0002  10  5.000005E+0001
  35.700  1.7761E+0002  19  9.500018E+0001
  35.900  1.7847E+0002  9  4.500004E+0001
  36.100  1.7973E+0002  11  5.500006E+0001
  36.300  1.8089E+0002  5  2.500001E+0001
  36.500  1.8190E+0002  17  8.500014E+0001
  36.700  1.8291E+0002  18  9.000016E+0001
  36.900  1.8356E+0002  7  3.500002E+0001
  37.100  1.8467E+0002  17  8.500014E+0001
  37.300  1.8578E+0002  22  1.100002E+0002
  37.500  1.8679E+0002  25  1.250003E+0002
  37.700  1.8830E+0002  21  1.050002E+0002
  37.900  1.8880E+0002  17  8.500014E+0001
  38.100  1.8956E+0002  19  9.500018E+0001
  38.300  1.9056E+0002  22  1.100002E+0002
  38.500  1.9147E+0002  24  1.200003E+0002
  38.700  1.9248E+0002  15  7.500011E+0001
  38.900  1.9349E+0002  19  9.500018E+0001
  39.100  1.9490E+0002  27  1.350004E+0002
  39.300  1.9615E+0002  24  1.200003E+0002
  39.500  1.9676E+0002  35  1.750006E+0002
  39.700  1.9761E+0002  27  1.350004E+0002
  39.900  1.9877E+0002  30  1.500004E+0002
  40.100  1.9978E+0002  35  1.750006E+0002
  40.300  2.0089E+0002  38  1.900007E+0002
  40.500  2.0164E+0002  37  1.850007E+0002
  40.700  2.0265E+0002  63  3.150020E+0002
  40.900  2.0355E+0002  47  2.350011E+0002
  41.100  2.0471E+0002  44  2.200010E+0002
  41.300  2.0582E+0002  58  2.900017E+0002
  41.500  2.0693E+0002  74  3.700027E+0002
  41.700  2.0768E+0002  69  3.450023E+0002
  41.900  2.0843E+0002  64  3.200020E+0002
  42.100  2.0944E+0002  74  3.700027E+0002
  42.300  2.1045E+0002  82  4.100034E+0002
  42.500  2.1145E+0002  76  3.800029E+0002
  42.700  2.1271E+0002  74  3.700027E+0002
  42.900  2.1387E+0002  80  4.000032E+0002
  43.100  2.1487E+0002  67  3.350023E+0002
  43.300  2.1572E+0002  81  4.050033E+0002
  43.500  2.1648E+0002  93  4.650043E+0002
  43.700  2.1723E+0002  103  5.150053E+0002
  43.900  2.1849E+0002  71  3.550025E+0002
  44.100  2.1974E+0002  94  4.700044E+0002
  44.300  2.2075E+0002  91  4.550042E+0002
  44.500  2.2201E+0002  101  5.050051E+0002
  44.700  2.2291E+0002  91  4.550042E+0002
  44.900  2.2366E+0002  105  5.250055E+0002
  45.100  2.2452E+0002  110  5.500060E+0002
  45.300  2.2552E+0002  133  6.650089E+0002
  45.500  2.2642E+0002  109  5.450059E+0002
  45.700  2.2793E+0002  104  5.200054E+0002
  45.900  2.2878E+0002  110  5.500060E+0002
  46.100  2.2994E+0002  91  4.550042E+0002
  46.300  2.3094E+0002  110  5.500060E+0002
  46.500  2.3179E+0002  106  5.300056E+0002
  46.700  2.3295E+0002  104  5.200054E+0002
  46.900  2.3360E+0002  112  5.600062E+0002
  47.100  2.3470E+0002  92  4.600042E+0002
  47.300  2.3595E+0002  80  4.000032E+0002
  47.500  2.3686E+0002  52  2.600013E+0002
  47.700  2.3786E+0002  53  2.650014E+0002
  47.900  2.3896E+0002  44  2.200010E+0002
  48.100  2.3956E+0002  42  2.100009E+0002
  48.300  2.4057E+0002  22  1.100002E+0002
  48.500  2.4157E+0002  23  1.150003E+0002
  48.700  2.4232E+0002  20  1.000002E+0002
  48.900  2.4357E+0002  12  6.000007E+0001
  49.100  2.4457E+0002  8  4.000003E+0001
  49.300  2.4557E+0002  4  2.000001E+0001
  49.500  2.4672E+0002  3  1.500000E+0001
  49.700  2.4788E+0002  5  2.500001E+0001
  49.900  2.4873E+0002  5  2.500001E+0001
  50.100  2.4983E+0002  6  3.000002E+0001
  50.300  2.5083E+0002  5  2.500001E+0001
  50.500  2.5158E+0002  3  1.500000E+0001
  50.700  2.5258E+0002  8  4.000003E+0001
  50.900  2.5358E+0002  1  5.000000E+0000
  51.100  2.5458E+0002  3  1.500000E+0001
  51.300  2.5573E+0002  6  3.000002E+0001
  51.500  2.5688E+0002  8  4.000003E+0001
  51.700  2.5773E+0002  1  5.000000E+0000
  51.900  2.5858E+0002  4  2.000001E+0001
  52.100  2.5957E+0002  7  3.500002E+0001
  52.300  2.6057E+0002  2  1.000000E+0001
  52.500  2.6147E+0002  4  2.000001E+0001
  52.700  2.6247E+0002  1  5.000000E+0000
  52.900  2.6347E+0002  4  2.000001E+0001
  53.100  2.6447E+0002  1  5.000000E+0000
  53.300  2.6531E+0002  6  3.000002E+0001
  53.500  2.6631E+0002  4  2.000001E+0001
  53.700  2.6731E+0002  2  1.000000E+0001
  53.900  2.6856E+0002  3  1.500000E+0001
  54.100  2.6970E+0002  5  2.500001E+0001
  54.300  2.7045E+0002  3  1.500000E+0001
  54.500  2.7180E+0002  4  2.000001E+0001
  54.700  2.7269E+0002  5  2.500001E+0001
  54.900  2.7344E+0002  6  3.000002E+0001
  55.100  2.7429E+0002  2  1.000000E+0001
  55.300  2.7528E+0002  5  2.500001E+0001
  55.500  2.7628E+0002  3  1.500000E+0001
  55.700  2.7718E+0002  4  2.000001E+0001
  55.900  2.7832E+0002  5  2.500001E+0001
  56.100  2.7917E+0002  6  3.000002E+0001
  56.300  2.8016E+0002  9  4.500004E+0001
   0.100  3.6283E+0001  1  5.000000E+0000 acr04    
   0.300  3.6135E+0001  1  5.000000E+0000
   0.500  3.6135E+0001  0  0.000000E+0000
   0.700  3.6135E+0001  1  5.000000E+0000
   0.900  3.5987E+0001  0  0.000000E+0000
   1.100  3.5987E+0001  0  0.000000E+0000
   1.300  3.5987E+0001  0  0.000000E+0000
   1.500  3.6135E+0001  1  5.000000E+0000
   1.700  3.6283E+0001  0  0.000000E+0000
   1.900  3.6283E+0001  0  0.000000E+0000
   2.100  3.6283E+0001  1  5.000000E+0000
   2.300  3.6283E+0001  2  1.000000E+0001
   2.500  3.6283E+0001  0  0.000000E+0000
   2.700  3.6283E+0001  0  0.000000E+0000
   2.900  3.6283E+0001  0  0.000000E+0000
   3.100  3.6382E+0001  0  0.000000E+0000
   3.300  3.6382E+0001  0  0.000000E+0000
   3.500  3.6382E+0001  1  5.000000E+0000
   3.700  3.6481E+0001  0  0.000000E+0000
   3.900  3.6481E+0001  0  0.000000E+0000
   4.100  3.6481E+0001  2  1.000000E+0001
   4.300  3.6481E+0001  1  5.000000E+0000
   4.500  3.6481E+0001  0  0.000000E+0000
   4.700  3.6481E+0001  1  5.000000E+0000
   4.900  3.6630E+0001  1  5.000000E+0000
   5.100  3.6630E+0001  0  0.000000E+0000
   5.300  3.6481E+0001  1  5.000000E+0000
   5.500  3.6481E+0001  0  0.000000E+0000
   5.700  3.6481E+0001  0  0.000000E+0000
   5.900  3.6630E+0001  0  0.000000E+0000
   6.100  3.6778E+0001  1  5.000000E+0000
   6.300  3.6778E+0001  0  0.000000E+0000
   6.500  3.6778E+0001  0  0.000000E+0000
   6.700  3.6778E+0001  0  0.000000E+0000
   6.900  3.6877E+0001  1  5.000000E+0000
   7.100  3.6976E+0001  0  0.000000E+0000
   7.300  3.6976E+0001  0  0.000000E+0000
   7.500  3.7471E+0001  2  1.000000E+0001
   7.700  3.8361E+0001  0  0.000000E+0000
   7.900  3.9104E+0001  0  0.000000E+0000
   8.100  4.0094E+0001  1  5.000000E+0000
   8.300  4.1234E+0001  0  0.000000E+0000
   8.500  4.2225E+0001  0  0.000000E+0000
   8.700  4.2968E+0001  0  0.000000E+0000
   8.900  4.4059E+0001  0  0.000000E+0000
   9.100  4.5398E+0001  1  5.000000E+0000
   9.300  4.6391E+0001  0  0.000000E+0000
   9.500  4.7135E+0001  0  0.000000E+0000
   9.700  4.7880E+0001  0  0.000000E+0000
   9.900  4.9022E+0001  0  0.000000E+0000
  10.100  5.0165E+0001  1  5.000000E+0000
  10.300  5.1159E+0001  0  0.000000E+0000
  10.500  5.2153E+0001  0  0.000000E+0000
  10.700  5.2899E+0001  2  1.000000E+0001
  10.900  5.3993E+0001  1  5.000000E+0000
  11.100  5.5237E+0001  1  5.000000E+0000
  11.300  5.5984E+0001  0  0.000000E+0000
  11.500  5.6830E+0001  1  5.000000E+0000
  11.700  5.8075E+0001  0  0.000000E+0000
  11.900  5.9221E+0001  0  0.000000E+0000
  12.100  5.9968E+0001  0  0.000000E+0000
  12.300  6.1065E+0001  0  0.000000E+0000
  12.500  6.2211E+0001  0  0.000000E+0000
  12.700  6.2859E+0001  3  1.500000E+0001
  12.900  6.3707E+0001  1  5.000000E+0000
  13.100  6.5204E+0001  0  0.000000E+0000
  13.300  6.6452E+0001  0  0.000000E+0000
  13.500  6.6801E+0001  0  0.000000E+0000
  13.700  6.7550E+0001  0  0.000000E+0000
  13.900  6.9048E+0001  0  0.000000E+0000
  14.100  7.0047E+0001  0  0.000000E+0000
  14.300  7.0547E+0001  0  0.000000E+0000
  14.500  7.1696E+0001  0  0.000000E+0000
  14.700  7.3096E+0001  2  1.000000E+0001
  14.900  7.3696E+0001  0  0.000000E+0000
  15.100  7.4296E+0001  0  0.000000E+0000
  15.300  7.5446E+0001  0  0.000000E+0000
  15.500  7.6697E+0001  0  0.000000E+0000
  15.700  7.7447E+0001  1  5.000000E+0000
  15.900  7.8699E+0001  1  5.000000E+0000
  16.100  8.0050E+0001  0  0.000000E+0000
  16.300  8.0301E+0001  1  5.000000E+0000
  16.500  8.1553E+0001  0  0.000000E+0000
  16.700  8.3456E+0001  1  5.000000E+0000
  16.900  8.3957E+0001  1  5.000000E+0000
  17.100  8.4559E+0001  0  0.000000E+0000
  17.300  8.5962E+0001  0  0.000000E+0000
  17.500  8.6714E+0001  0  0.000000E+0000
  17.700  8.7566E+0001  0  0.000000E+0000
  17.900  8.8569E+0001  2  1.000000E+0001
  18.100  8.9322E+0001  0  0.000000E+0000
  18.300  9.0827E+0001  1  5.000000E+0000
  18.500  9.2081E+0001  1  5.000000E+0000
  18.700  9.2733E+0001  1  5.000000E+0000
  18.900  9.3637E+0001  0  0.000000E+0000
  19.100  9.4641E+0001  1  5.000000E+0000
  19.300  9.5745E+0001  0  0.000000E+0000
  19.500  9.7001E+0001  0  0.000000E+0000
  19.700  9.7754E+0001  0  0.000000E+0000
  19.900  9.8507E+0001  0  0.000000E+0000
  20.100  9.9512E+0001  3  1.500000E+0001
  20.300  1.0037E+0002  0  0.000000E+0000
  20.500  1.0137E+0002  0  0.000000E+0000
  20.700  1.0238E+0002  3  1.500000E+0001
  20.900  1.0353E+0002  0  0.000000E+0000
  21.100  1.0454E+0002  2  1.000000E+0001
  21.300  1.0564E+0002  1  5.000000E+0000
  21.500  1.0715E+0002  1  5.000000E+0000
  21.700  1.0806E+0002  4  2.000001E+0001
  21.900  1.0856E+0002  1  5.000000E+0000
  22.100  1.0942E+0002  1  5.000000E+0000
  22.300  1.1067E+0002  1  5.000000E+0000
  22.500  1.1183E+0002  2  1.000000E+0001
  22.700  1.1274E+0002  0  0.000000E+0000
  22.900  1.1374E+0002  6  3.000002E+0001
  23.100  1.1450E+0002  1  5.000000E+0000
  23.300  1.1525E+0002  2  1.000000E+0001
  23.500  1.1636E+0002  2  1.000000E+0001
  23.700  1.1762E+0002  3  1.500000E+0001
  23.900  1.1837E+0002  3  1.500000E+0001
  24.100  1.1948E+0002  4  2.000001E+0001
  24.300  1.2089E+0002  2  1.000000E+0001
  24.500  1.2165E+0002  6  3.000002E+0001
  24.700  1.2240E+0002  2  1.000000E+0001
  24.900  1.2341E+0002  6  3.000002E+0001
  25.100  1.2452E+0002  3  1.500000E+0001
  25.300  1.2553E+0002  8  4.000003E+0001
  25.500  1.2643E+0002  7  3.500002E+0001
  25.700  1.2759E+0002  2  1.000000E+0001
  25.900  1.2870E+0002  3  1.500000E+0001
  26.100  1.2971E+0002  3  1.500000E+0001
  26.300  1.3122E+0002  2  1.000000E+0001
  26.500  1.3223E+0002  6  3.000002E+0001
  26.700  1.3273E+0002  11  5.500006E+0001
  26.900  1.3349E+0002  7  3.500002E+0001
  27.100  1.3450E+0002  11  5.500006E+0001
  27.300  1.3550E+0002  9  4.500004E+0001
  27.500  1.3666E+0002  8  4.000003E+0001
  27.700  1.3792E+0002  6  3.000002E+0001
  27.900  1.3853E+0002  10  5.000005E+0001
  28.100  1.3954E+0002  6  3.000002E+0001
  28.300  1.4095E+0002  8  4.000003E+0001
  28.500  1.4181E+0002  9  4.500004E+0001
  28.700  1.4256E+0002  4  2.000001E+0001
  28.900  1.4372E+0002  8  4.000003E+0001
  29.100  1.4483E+0002  8  4.000003E+0001
  29.300  1.4584E+0002  6  3.000002E+0001
  29.500  1.4700E+0002  9  4.500004E+0001
  29.700  1.4751E+0002  7  3.500002E+0001
  29.900  1.4851E+0002  7  3.500002E+0001
  30.100  1.4962E+0002  1  5.000000E+0000
  30.300  1.5023E+0002  2  1.000000E+0001
  30.500  1.5149E+0002  3  1.500000E+0001
  30.700  1.5265E+0002  3  1.500000E+0001
  30.900  1.5366E+0002  9  4.500004E+0001
  31.100  1.5467E+0002  6  3.000002E+0001
  31.300  1.5568E+0002  8  4.000003E+0001
  31.500  1.5679E+0002  6  3.000002E+0001
  31.700  1.5795E+0002  5  2.500001E+0001
  31.900  1.5885E+0002  1  5.000000E+0000
  32.100  1.5971E+0002  4  2.000001E+0001
  32.300  1.6057E+0002  10  5.000005E+0001
  32.500  1.6158E+0002  5  2.500001E+0001
  32.700  1.6284E+0002  6  3.000002E+0001
  32.900  1.6349E+0002  2  1.000000E+0001
  33.100  1.6450E+0002  4  2.000001E+0001
  33.300  1.6576E+0002  10  5.000005E+0001
  33.500  1.6677E+0002  7  3.500002E+0001
  33.700  1.6778E+0002  11  5.500006E+0001
  33.900  1.6854E+0002  6  3.000002E+0001
  34.100  1.6939E+0002  10  5.000005E+0001
  34.300  1.7055E+0002  9  4.500004E+0001
  34.500  1.7222E+0002  9  4.500004E+0001
  34.700  1.7333E+0002  17  8.500014E+0001
  34.900  1.7383E+0002  14  7.000010E+0001
  35.100  1.7449E+0002  14  7.000010E+0001
  35.300  1.7550E+0002  14  7.000010E+0001
  35.500  1.7660E+0002  16  8.000012E+0001
  35.700  1.7761E+0002  18  9.000016E+0001
  35.900  1.7902E+0002  19  9.500018E+0001
  36.100  1.7988E+0002  17  8.500014E+0001
  36.300  1.8064E+0002  13  6.500008E+0001
  36.500  1.8180E+0002  16  8.000012E+0001
  36.700  1.8255E+0002  27  1.350004E+0002
  36.900  1.8366E+0002  27  1.350004E+0002
  37.100  1.8492E+0002  24  1.200003E+0002
  37.300  1.8568E+0002  19  9.500018E+0001
  37.500  1.8653E+0002  20  1.000002E+0002
  37.700  1.8769E+0002  25  1.250003E+0002
  37.900  1.8885E+0002  22  1.100002E+0002
  38.100  1.8986E+0002  34  1.700006E+0002
  38.300  1.9061E+0002  34  1.700006E+0002
  38.500  1.9162E+0002  28  1.400004E+0002
  38.700  1.9273E+0002  29  1.450004E+0002
  38.900  1.9384E+0002  35  1.750006E+0002
  39.100  1.9485E+0002  33  1.650005E+0002
  39.300  1.9610E+0002  46  2.300011E+0002
  39.500  1.9711E+0002  38  1.900007E+0002
  39.700  1.9751E+0002  50  2.500013E+0002
  39.900  1.9852E+0002  48  2.400011E+0002
  40.100  1.9938E+0002  51  2.550013E+0002
  40.300  2.0064E+0002  72  3.600026E+0002
  40.500  2.0189E+0002  65  3.250021E+0002
  40.700  2.0290E+0002  70  3.500024E+0002
  40.900  2.0391E+0002  72  3.600026E+0002
  41.100  2.0481E+0002  74  3.700027E+0002
  41.300  2.0622E+0002  87  4.350038E+0002
  41.500  2.0682E+0002  102  5.100052E+0002
  41.700  2.0743E+0002  91  4.550042E+0002
  41.900  2.0869E+0002  97  4.850047E+0002
  42.100  2.0944E+0002  107  5.350057E+0002
  42.300  2.1045E+0002  84  4.200035E+0002
  42.500  2.1160E+0002  95  4.750045E+0002
  42.700  2.1276E+0002  112  5.600062E+0002
  42.900  2.1361E+0002  85  4.250036E+0002
  43.100  2.1472E+0002  105  5.250055E+0002
  43.300  2.1572E+0002  104  5.200054E+0002
  43.500  2.1673E+0002  100  5.000050E+0002
  43.700  2.1774E+0002  107  5.350057E+0002
  43.900  2.1864E+0002  110  5.500060E+0002
  44.100  2.1990E+0002  129  6.450083E+0002
  44.300  2.2065E+0002  135  6.750091E+0002
  44.500  2.2140E+0002  128  6.400082E+0002
  44.700  2.2276E+0002  125  6.250078E+0002
  44.900  2.2376E+0002  129  6.450083E+0002
  45.100  2.2452E+0002  151  7.550114E+0002
  45.300  2.2542E+0002  139  6.950097E+0002
  45.500  2.2667E+0002  115  5.750066E+0002
  45.700  2.2803E+0002  149  7.450110E+0002
  45.900  2.2878E+0002  109  5.450059E+0002
  46.100  2.2979E+0002  119  5.950071E+0002
  46.300  2.3104E+0002  101  5.050051E+0002
  46.500  2.3194E+0002  102  5.100052E+0002
  46.700  2.3270E+0002  96  4.800046E+0002
  46.900  2.3355E+0002  78  3.900031E+0002
  47.100  2.3455E+0002  76  3.800029E+0002
  47.300  2.3530E+0002  42  2.100009E+0002
  47.500  2.3656E+0002  38  1.900007E+0002
  47.700  2.3781E+0002  38  1.900007E+0002
  47.900  2.3881E+0002  24  1.200003E+0002
  48.100  2.3956E+0002  19  9.500018E+0001
  48.300  2.4046E+0002  15  7.500011E+0001
  48.500  2.4187E+0002  18  9.000016E+0001
  48.700  2.4272E+0002  7  3.500002E+0001
  48.900  2.4372E+0002  11  5.500006E+0001
  49.100  2.4447E+0002  4  2.000001E+0001
  49.300  2.4557E+0002  6  3.000002E+0001
  49.500  2.4657E+0002  5  2.500001E+0001
  49.700  2.4758E+0002  4  2.000001E+0001
  49.900  2.4858E+0002  5  2.500001E+0001
  50.100  2.4958E+0002  6  3.000002E+0001
  50.300  2.5033E+0002  2  1.000000E+0001
  50.500  2.5148E+0002  3  1.500000E+0001
  50.700  2.5348E+0002  3  1.500000E+0001
  50.900  2.5383E+0002  6  3.000002E+0001
  51.100  2.5448E+0002  3  1.500000E+0001
  51.300  2.5548E+0002  4  2.000001E+0001
  51.500  2.5648E+0002  5  2.500001E+0001
  51.700  2.5763E+0002  5  2.500001E+0001
  51.900  2.5848E+0002  4  2.000001E+0001
  52.100  2.5957E+0002  5  2.500001E+0001
  52.300  2.6082E+0002  4  2.000001E+0001
  52.500  2.6172E+0002  6  3.000002E+0001
  52.700  2.6247E+0002  6  3.000002E+0001
  52.900  2.6372E+0002  3  1.500000E+0001
  53.100  2.6447E+0002  5  2.500001E+0001
  53.300  2.6556E+0002  2  1.000000E+0001
  53.500  2.6646E+0002  10  5.000005E+0001
  53.700  2.6761E+0002  10  5.000005E+0001
  53.900  2.6871E+0002  8  4.000003E+0001
  54.100  2.7005E+0002  4  2.000001E+0001
  54.300  2.7105E+0002  8  4.000003E+0001
  54.500  2.7170E+0002  9  4.500004E+0001
  54.700  2.7259E+0002  6  3.000002E+0001
  54.900  2.7344E+0002  11  5.500006E+0001
  55.100  2.7429E+0002  6  3.000002E+0001
  55.300  2.7528E+0002  11  5.500006E+0001
  55.500  2.7628E+0002  13  6.500008E+0001
  55.700  2.7703E+0002  8  4.000003E+0001
  55.900  2.7827E+0002  8  4.000003E+0001
  56.100  2.7927E+0002  7  3.500002E+0001
  56.300  2.8026E+0002  15  7.500011E+0001
   0.100  3.7965E+0001  1  5.000000E+0000 acr05    
   0.300  3.7965E+0001  0  0.000000E+0000
   0.500  3.8114E+0001  0  0.000000E+0000
   0.700  3.8114E+0001  0  0.000000E+0000
   0.900  3.8213E+0001  0  0.000000E+0000
   1.100  3.8460E+0001  1  5.000000E+0000
   1.300  3.8460E+0001  0  0.000000E+0000
   1.500  3.8361E+0001  0  0.000000E+0000
   1.700  3.8361E+0001  0  0.000000E+0000
   1.900  3.8460E+0001  0  0.000000E+0000
   2.100  3.8361E+0001  1  5.000000E+0000
   2.300  3.8510E+0001  0  0.000000E+0000
   2.500  3.8609E+0001  0  0.000000E+0000
   2.700  3.8460E+0001  0  0.000000E+0000
   2.900  3.8460E+0001  1  5.000000E+0000
   3.100  3.8460E+0001  1  5.000000E+0000
   3.300  3.8460E+0001  1  5.000000E+0000
   3.500  3.8460E+0001  0  0.000000E+0000
   3.700  3.8460E+0001  1  5.000000E+0000
   3.900  3.8460E+0001  0  0.000000E+0000
   4.100  3.8460E+0001  0  0.000000E+0000
   4.300  3.8460E+0001  0  0.000000E+0000
   4.500  3.8708E+0001  0  0.000000E+0000
   4.700  3.8856E+0001  0  0.000000E+0000
   4.900  3.8757E+0001  0  0.000000E+0000
   5.100  3.8609E+0001  0  0.000000E+0000
   5.300  3.8460E+0001  0  0.000000E+0000
   5.500  3.8460E+0001  1  5.000000E+0000
   5.700  3.8609E+0001  0  0.000000E+0000
   5.900  3.8856E+0001  0  0.000000E+0000
   6.100  3.8955E+0001  0  0.000000E+0000
   6.300  3.8955E+0001  0  0.000000E+0000
   6.500  3.8856E+0001  0  0.000000E+0000
   6.700  3.8757E+0001  0  0.000000E+0000
   6.900  3.8856E+0001  1  5.000000E+0000
   7.100  3.8856E+0001  0  0.000000E+0000
   7.300  3.8757E+0001  1  5.000000E+0000
   7.500  3.8757E+0001  0  0.000000E+0000
   7.700  3.8856E+0001  0  0.000000E+0000
   7.900  3.9352E+0001  0  0.000000E+0000
   8.100  4.0243E+0001  0  0.000000E+0000
   8.300  4.1828E+0001  0  0.000000E+0000
   8.500  4.3415E+0001  0  0.000000E+0000
   8.700  4.4158E+0001  0  0.000000E+0000
   8.900  4.4555E+0001  0  0.000000E+0000
   9.100  4.4952E+0001  0  0.000000E+0000
   9.300  4.5795E+0001  2  1.000000E+0001
   9.500  4.7284E+0001  2  1.000000E+0001
   9.700  4.8526E+0001  3  1.500000E+0001
   9.900  4.9271E+0001  0  0.000000E+0000
  10.100  4.9917E+0001  0  0.000000E+0000
  10.300  5.0911E+0001  2  1.000000E+0001
  10.500  5.2153E+0001  0  0.000000E+0000
  10.700  5.2999E+0001  0  0.000000E+0000
  10.900  5.3993E+0001  0  0.000000E+0000
  11.100  5.5387E+0001  0  0.000000E+0000
  11.300  5.6482E+0001  0  0.000000E+0000
  11.500  5.7228E+0001  1  5.000000E+0000
  11.700  5.7975E+0001  0  0.000000E+0000
  11.900  5.9071E+0001  0  0.000000E+0000
  12.100  6.0317E+0001  0  0.000000E+0000
  12.300  6.1214E+0001  0  0.000000E+0000
  12.500  6.1862E+0001  1  5.000000E+0000
  12.700  6.2610E+0001  1  5.000000E+0000
  12.900  6.3707E+0001  0  0.000000E+0000
  13.100  6.5054E+0001  0  0.000000E+0000
  13.300  6.5953E+0001  0  0.000000E+0000
  13.500  6.6701E+0001  1  5.000000E+0000
  13.700  6.7949E+0001  1  5.000000E+0000
  13.900  6.9198E+0001  0  0.000000E+0000
  14.100  6.9947E+0001  1  5.000000E+0000
  14.300  7.0347E+0001  0  0.000000E+0000
  14.500  7.1346E+0001  0  0.000000E+0000
  14.700  7.2696E+0001  0  0.000000E+0000
  14.900  7.3696E+0001  0  0.000000E+0000
  15.100  7.4596E+0001  0  0.000000E+0000
  15.300  7.5096E+0001  0  0.000000E+0000
  15.500  7.6197E+0001  0  0.000000E+0000
  15.700  7.7948E+0001  0  0.000000E+0000
  15.900  7.8949E+0001  0  0.000000E+0000
  16.100  7.9550E+0001  0  0.000000E+0000
  16.300  8.0551E+0001  0  0.000000E+0000
  16.500  8.1953E+0001  0  0.000000E+0000
  16.700  8.2855E+0001  0  0.000000E+0000
  16.900  8.3456E+0001  0  0.000000E+0000
  17.100  8.4559E+0001  0  0.000000E+0000
  17.300  8.5812E+0001  0  0.000000E+0000
  17.500  8.6814E+0001  0  0.000000E+0000
  17.700  8.7967E+0001  1  5.000000E+0000
  17.900  8.8720E+0001  0  0.000000E+0000
  18.100  8.9572E+0001  0  0.000000E+0000
  18.300  9.0726E+0001  0  0.000000E+0000
  18.500  9.1479E+0001  0  0.000000E+0000
  18.700  9.2332E+0001  1  5.000000E+0000
  18.900  9.3335E+0001  1  5.000000E+0000
  19.100  9.4590E+0001  0  0.000000E+0000
  19.300  9.5846E+0001  0  0.000000E+0000
  19.500  9.7001E+0001  1  5.000000E+0000
  19.700  9.8156E+0001  0  0.000000E+0000
  19.900  9.9010E+0001  0  0.000000E+0000
  20.100  9.9864E+0001  1  5.000000E+0000
  20.300  1.0062E+0002  0  0.000000E+0000
  20.500  1.0177E+0002  1  5.000000E+0000
  20.700  1.0303E+0002  0  0.000000E+0000
  20.900  1.0388E+0002  0  0.000000E+0000
  21.100  1.0464E+0002  2  1.000000E+0001
  21.300  1.0554E+0002  0  0.000000E+0000
  21.500  1.0645E+0002  0  0.000000E+0000
  21.700  1.0755E+0002  1  5.000000E+0000
  21.900  1.0881E+0002  0  0.000000E+0000
  22.100  1.0957E+0002  0  0.000000E+0000
  22.300  1.1067E+0002  0  0.000000E+0000
  22.500  1.1158E+0002  0  0.000000E+0000
  22.700  1.1223E+0002  0  0.000000E+0000
  22.900  1.1334E+0002  0  0.000000E+0000
  23.100  1.1470E+0002  0  0.000000E+0000
  23.300  1.1561E+0002  0  0.000000E+0000
  23.500  1.1651E+0002  1  5.000000E+0000
  23.700  1.1777E+0002  1  5.000000E+0000
  23.900  1.1878E+0002  2  1.000000E+0001
  24.100  1.1988E+0002  0  0.000000E+0000
  24.300  1.2099E+0002  1  5.000000E+0000
  24.500  1.2250E+0002  0  0.000000E+0000
  24.700  1.2351E+0002  0  0.000000E+0000
  24.900  1.2341E+0002  2  1.000000E+0001
  25.100  1.2442E+0002  0  0.000000E+0000
  25.300  1.2593E+0002  0  0.000000E+0000
  25.500  1.2643E+0002  1  5.000000E+0000
  25.700  1.2754E+0002  0  0.000000E+0000
  25.900  1.2880E+0002  0  0.000000E+0000
  26.100  1.2956E+0002  0  0.000000E+0000
  26.300  1.3082E+0002  1  5.000000E+0000
  26.500  1.3198E+0002  0  0.000000E+0000
  26.700  1.3273E+0002  1  5.000000E+0000
  26.900  1.3359E+0002  1  5.000000E+0000
  27.100  1.3460E+0002  0  0.000000E+0000
  27.300  1.3576E+0002  0  0.000000E+0000
  27.500  1.3692E+0002  1  5.000000E+0000
  27.700  1.3792E+0002  1  5.000000E+0000
  27.900  1.3878E+0002  1  5.000000E+0000
  28.100  1.3964E+0002  1  5.000000E+0000
  28.300  1.4040E+0002  0  0.000000E+0000
  28.500  1.4140E+0002  0  0.000000E+0000
  28.700  1.4256E+0002  0  0.000000E+0000
  28.900  1.4382E+0002  1  5.000000E+0000
  29.100  1.4508E+0002  1  5.000000E+0000
  29.300  1.4584E+0002  1  5.000000E+0000
  29.500  1.4685E+0002  1  5.000000E+0000
  29.700  1.4776E+0002  2  1.000000E+0001
  29.900  1.4836E+0002  2  1.000000E+0001
  30.100  1.4947E+0002  2  1.000000E+0001
  30.300  1.5088E+0002  1  5.000000E+0000
  30.500  1.5215E+0002  1  5.000000E+0000
  30.700  1.5290E+0002  2  1.000000E+0001
  30.900  1.5366E+0002  1  5.000000E+0000
  31.100  1.5492E+0002  0  0.000000E+0000
  31.300  1.5583E+0002  0  0.000000E+0000
  31.500  1.5643E+0002  2  1.000000E+0001
  31.700  1.5779E+0002  0  0.000000E+0000
  31.900  1.5895E+0002  1  5.000000E+0000
  32.100  1.5946E+0002  2  1.000000E+0001
  32.300  1.6057E+0002  5  2.500001E+0001
  32.500  1.6183E+0002  1  5.000000E+0000
  32.700  1.6299E+0002  4  2.000001E+0001
  32.900  1.6465E+0002  2  1.000000E+0001
  33.100  1.6551E+0002  1  5.000000E+0000
  33.300  1.6576E+0002  3  1.500000E+0001
  33.500  1.6677E+0002  4  2.000001E+0001
  33.700  1.6763E+0002  1  5.000000E+0000
  33.900  1.6879E+0002  4  2.000001E+0001
  34.100  1.6970E+0002  3  1.500000E+0001
  34.300  1.7071E+0002  4  2.000001E+0001
  34.500  1.7181E+0002  7  3.500002E+0001
  34.700  1.7267E+0002  6  3.000002E+0001
  34.900  1.7393E+0002  7  3.500002E+0001
  35.100  1.7444E+0002  2  1.000000E+0001
  35.300  1.7560E+0002  4  2.000001E+0001
  35.500  1.7711E+0002  5  2.500001E+0001
  35.700  1.7797E+0002  3  1.500000E+0001
  35.900  1.7897E+0002  6  3.000002E+0001
  36.100  1.7948E+0002  3  1.500000E+0001
  36.300  1.8064E+0002  8  4.000003E+0001
  36.500  1.8180E+0002  6  3.000002E+0001
  36.700  1.8265E+0002  6  3.000002E+0001
  36.900  1.8351E+0002  5  2.500001E+0001
  37.100  1.8452E+0002  4  2.000001E+0001
  37.300  1.8578E+0002  4  2.000001E+0001
  37.500  1.8679E+0002  7  3.500002E+0001
  37.700  1.8820E+0002  11  5.500006E+0001
  37.900  1.8870E+0002  8  4.000003E+0001
  38.100  1.8956E+0002  3  1.500000E+0001
  38.300  1.9082E+0002  5  2.500001E+0001
  38.500  1.9182E+0002  6  3.000002E+0001
  38.700  1.9283E+0002  11  5.500006E+0001
  38.900  1.9384E+0002  5  2.500001E+0001
  39.100  1.9474E+0002  7  3.500002E+0001
  39.300  1.9540E+0002  5  2.500001E+0001
  39.500  1.9676E+0002  4  2.000001E+0001
  39.700  1.9837E+0002  3  1.500000E+0001
  39.900  1.9887E+0002  2  1.000000E+0001
  40.100  1.9963E+0002  5  2.500001E+0001
  40.300  2.0089E+0002  4  2.000001E+0001
  40.500  2.0189E+0002  5  2.500001E+0001
  40.700  2.0315E+0002  9  4.500004E+0001
  40.900  2.0406E+0002  2  1.000000E+0001
  41.100  2.0496E+0002  7  3.500002E+0001
  41.300  2.0572E+0002  7  3.500002E+0001
  41.500  2.0672E+0002  2  1.000000E+0001
  41.700  2.0758E+0002  5  2.500001E+0001
  41.900  2.0843E+0002  8  4.000003E+0001
  42.100  2.0944E+0002  8  4.000003E+0001
  42.300  2.1060E+0002  6  3.000002E+0001
  42.500  2.1160E+0002  2  1.000000E+0001
  42.700  2.1286E+0002  7  3.500002E+0001
  42.900  2.1402E+0002  9  4.500004E+0001
  43.100  2.1437E+0002  6  3.000002E+0001
  43.300  2.1572E+0002  7  3.500002E+0001
  43.500  2.1688E+0002  4  2.000001E+0001
  43.700  2.1779E+0002  16  8.000012E+0001
  43.900  2.1889E+0002  7  3.500002E+0001
  44.100  2.2000E+0002  7  3.500002E+0001
  44.300  2.2090E+0002  11  5.500006E+0001
  44.500  2.2165E+0002  12  6.000007E+0001
  44.700  2.2276E+0002  13  6.500008E+0001
  44.900  2.2351E+0002  8  4.000003E+0001
  45.100  2.2452E+0002  8  4.000003E+0001
  45.300  2.2552E+0002  13  6.500008E+0001
  45.500  2.2652E+0002  15  7.500011E+0001
  45.700  2.2768E+0002  13  6.500008E+0001
  45.900  2.2883E+0002  10  5.000005E+0001
  46.100  2.2969E+0002  14  7.000010E+0001
  46.300  2.3069E+0002  13  6.500008E+0001
  46.500  2.3184E+0002  14  7.000010E+0001
  46.700  2.3260E+0002  17  8.500014E+0001
  46.900  2.3395E+0002  19  9.500018E+0001
  47.100  2.3520E+0002  19  9.500018E+0001
  47.300  2.3611E+0002  21  1.050002E+0002
  47.500  2.3671E+0002  18  9.000016E+0001
  47.700  2.3756E+0002  20  1.000002E+0002
  47.900  2.3896E+0002  24  1.200003E+0002
  48.100  2.3986E+0002  29  1.450004E+0002
  48.300  2.4072E+0002  29  1.450004E+0002
  48.500  2.4182E+0002  19  9.500018E+0001
  48.700  2.4257E+0002  31  1.550005E+0002
  48.900  2.4372E+0002  29  1.450004E+0002
  49.100  2.4487E+0002  31  1.550005E+0002
  49.300  2.4597E+0002  41  2.050008E+0002
  49.500  2.4682E+0002  41  2.050008E+0002
  49.700  2.4773E+0002  37  1.850007E+0002
  49.900  2.4873E+0002  26  1.300003E+0002
  50.100  2.4958E+0002  43  2.150009E+0002
  50.300  2.5083E+0002  42  2.100009E+0002
  50.500  2.5183E+0002  50  2.500013E+0002
  50.700  2.5298E+0002  48  2.400011E+0002
  50.900  2.5348E+0002  43  2.150009E+0002
  51.100  2.5448E+0002  58  2.900017E+0002
  51.300  2.5598E+0002  48  2.400011E+0002
  51.500  2.5683E+0002  78  3.900031E+0002
  51.700  2.5758E+0002  66  3.300022E+0002
  51.900  2.5848E+0002  79  3.950031E+0002
  52.100  2.5937E+0002  68  3.400023E+0002
  52.300  2.6022E+0002  68  3.400023E+0002
  52.500  2.6147E+0002  87  4.350038E+0002
  52.700  2.6262E+0002  87  4.350038E+0002
  52.900  2.6372E+0002  82  4.100034E+0002
  53.100  2.6457E+0002  86  4.300037E+0002
  53.300  2.6581E+0002  89  4.450040E+0002
  53.500  2.6706E+0002  80  4.000032E+0002
  53.700  2.6771E+0002  86  4.300037E+0002
  53.900  2.6871E+0002  87  4.350038E+0002
  54.100  2.6955E+0002  88  4.400039E+0002
  54.300  2.7055E+0002  85  4.250036E+0002
  54.500  2.7155E+0002  87  4.350038E+0002
  54.700  2.7269E+0002  94  4.700044E+0002
  54.900  2.7344E+0002  109  5.450059E+0002
  55.100  2.7404E+0002  105  5.250055E+0002
  55.300  2.7543E+0002  106  5.300056E+0002
  55.500  2.7633E+0002  98  4.900048E+0002
  55.700  2.7758E+0002  110  5.500060E+0002
  55.900  2.7857E+0002  115  5.750066E+0002
  56.100  2.7942E+0002  128  6.400082E+0002
   0.100  3.6481E+0001  0  0.000000E+0000 cr0606   
   0.300  3.6481E+0001  1  5.000000E+0000
   0.500  3.6481E+0001  0  0.000000E+0000
   0.700  3.6481E+0001  1  5.000000E+0000
   0.900  3.6481E+0001  0  0.000000E+0000
   1.100  3.6481E+0001  0  0.000000E+0000
   1.300  3.6481E+0001  0  0.000000E+0000
   1.500  3.6382E+0001  0  0.000000E+0000
   1.700  3.6382E+0001  1  5.000000E+0000
   1.900  3.6382E+0001  0  0.000000E+0000
   2.100  3.6382E+0001  0  0.000000E+0000
   2.300  3.6481E+0001  0  0.000000E+0000
   2.500  3.6630E+0001  1  5.000000E+0000
   2.700  3.6630E+0001  0  0.000000E+0000
   2.900  3.6481E+0001  0  0.000000E+0000
   3.100  3.6481E+0001  0  0.000000E+0000
   3.300  3.6481E+0001  0  0.000000E+0000
   3.500  3.6481E+0001  0  0.000000E+0000
   3.700  3.6481E+0001  0  0.000000E+0000
   3.900  3.6481E+0001  0  0.000000E+0000
   4.100  3.6481E+0001  0  0.000000E+0000
   4.300  3.6481E+0001  2  1.000000E+0001
   4.500  3.6481E+0001  1  5.000000E+0000
   4.700  3.6481E+0001  0  0.000000E+0000
   4.900  3.6481E+0001  0  0.000000E+0000
   5.100  3.6481E+0001  0  0.000000E+0000
   5.300  3.6481E+0001  1  5.000000E+0000
   5.500  3.6481E+0001  0  0.000000E+0000
   5.700  3.6481E+0001  0  0.000000E+0000
   5.900  3.6630E+0001  0  0.000000E+0000
   6.100  3.6630E+0001  0  0.000000E+0000
   6.300  3.6481E+0001  2  1.000000E+0001
   6.500  3.6481E+0001  0  0.000000E+0000
   6.700  3.6481E+0001  0  0.000000E+0000
   6.900  3.6630E+0001  0  0.000000E+0000
   7.100  3.6630E+0001  0  0.000000E+0000
   7.300  3.6481E+0001  0  0.000000E+0000
   7.500  3.6976E+0001  0  0.000000E+0000
   7.700  3.8213E+0001  0  0.000000E+0000
   7.900  3.9352E+0001  1  5.000000E+0000
   8.100  3.9995E+0001  0  0.000000E+0000
   8.300  4.1085E+0001  0  0.000000E+0000
   8.500  4.2324E+0001  1  5.000000E+0000
   8.700  4.2820E+0001  1  5.000000E+0000
   8.900  4.3811E+0001  0  0.000000E+0000
   9.100  4.5299E+0001  0  0.000000E+0000
   9.300  4.6391E+0001  0  0.000000E+0000
   9.500  4.7284E+0001  1  5.000000E+0000
   9.700  4.8178E+0001  0  0.000000E+0000
   9.900  4.9022E+0001  0  0.000000E+0000
  10.100  5.0016E+0001  1  5.000000E+0000
  10.300  5.1408E+0001  1  5.000000E+0000
  10.500  5.2402E+0001  0  0.000000E+0000
  10.700  5.2999E+0001  0  0.000000E+0000
  10.900  5.3844E+0001  0  0.000000E+0000
  11.100  5.4839E+0001  0  0.000000E+0000
  11.300  5.6083E+0001  1  5.000000E+0000
  11.500  5.7228E+0001  1  5.000000E+0000
  11.700  5.7726E+0001  0  0.000000E+0000
  11.900  5.8474E+0001  1  5.000000E+0000
  12.100  5.9869E+0001  3  1.500000E+0001
  12.300  6.0965E+0001  0  0.000000E+0000
  12.500  6.1812E+0001  1  5.000000E+0000
  12.700  6.2710E+0001  0  0.000000E+0000
  12.900  6.3707E+0001  2  1.000000E+0001
  13.100  6.4805E+0001  1  5.000000E+0000
  13.300  6.5803E+0001  0  0.000000E+0000
  13.500  6.6801E+0001  0  0.000000E+0000
  13.700  6.7800E+0001  0  0.000000E+0000
  13.900  6.8699E+0001  0  0.000000E+0000
  14.100  6.9448E+0001  0  0.000000E+0000
  14.300  7.0447E+0001  1  5.000000E+0000
  14.500  7.1596E+0001  0  0.000000E+0000
  14.700  7.2596E+0001  1  5.000000E+0000
  14.900  7.3696E+0001  0  0.000000E+0000
  15.100  7.4546E+0001  0  0.000000E+0000
  15.300  7.5296E+0001  0  0.000000E+0000
  15.500  7.6797E+0001  0  0.000000E+0000
  15.700  7.7948E+0001  1  5.000000E+0000
  15.900  7.8448E+0001  2  1.000000E+0001
  16.100  7.9550E+0001  2  1.000000E+0001
  16.300  8.0952E+0001  0  0.000000E+0000
  16.500  8.1703E+0001  0  0.000000E+0000
  16.700  8.2454E+0001  1  5.000000E+0000
  16.900  8.3456E+0001  0  0.000000E+0000
  17.100  8.4308E+0001  2  1.000000E+0001
  17.300  8.5561E+0001  0  0.000000E+0000
  17.500  8.6965E+0001  0  0.000000E+0000
  17.700  8.7717E+0001  1  5.000000E+0000
  17.900  8.8569E+0001  0  0.000000E+0000
  18.100  8.9723E+0001  0  0.000000E+0000
  18.300  9.0475E+0001  1  5.000000E+0000
  18.500  9.1328E+0001  1  5.000000E+0000
  18.700  9.2332E+0001  0  0.000000E+0000
  18.900  9.3586E+0001  0  0.000000E+0000
  19.100  9.4590E+0001  1  5.000000E+0000
  19.300  9.5595E+0001  1  5.000000E+0000
  19.500  9.6599E+0001  0  0.000000E+0000
  19.700  9.7754E+0001  1  5.000000E+0000
  19.900  9.9160E+0001  0  0.000000E+0000
  20.100  9.9663E+0001  0  0.000000E+0000
  20.300  1.0077E+0002  2  1.000000E+0001
  20.500  1.0187E+0002  2  1.000000E+0001
  20.700  1.0238E+0002  1  5.000000E+0000
  20.900  1.0353E+0002  1  5.000000E+0000
  21.100  1.0469E+0002  1  5.000000E+0000
  21.300  1.0569E+0002  2  1.000000E+0001
  21.500  1.0655E+0002  1  5.000000E+0000
  21.700  1.0755E+0002  0  0.000000E+0000
  21.900  1.0856E+0002  2  1.000000E+0001
  22.100  1.0942E+0002  1  5.000000E+0000
  22.300  1.1032E+0002  2  1.000000E+0001
  22.500  1.1148E+0002  1  5.000000E+0000
  22.700  1.1274E+0002  2  1.000000E+0001
  22.900  1.1359E+0002  0  0.000000E+0000
  23.100  1.1470E+0002  3  1.500000E+0001
  23.300  1.1611E+0002  0  0.000000E+0000
  23.500  1.1686E+0002  0  0.000000E+0000
  23.700  1.1747E+0002  1  5.000000E+0000
  23.900  1.1847E+0002  1  5.000000E+0000
  24.100  1.1948E+0002  1  5.000000E+0000
  24.300  1.2049E+0002  2  1.000000E+0001
  24.500  1.2150E+0002  3  1.500000E+0001
  24.700  1.2265E+0002  1  5.000000E+0000
  24.900  1.2341E+0002  4  2.000001E+0001
  25.100  1.2427E+0002  4  2.000001E+0001
  25.300  1.2553E+0002  3  1.500000E+0001
  25.500  1.2653E+0002  2  1.000000E+0001
  25.700  1.2754E+0002  2  1.000000E+0001
  25.900  1.2870E+0002  6  3.000002E+0001
  26.100  1.2996E+0002  6  3.000002E+0001
  26.300  1.3097E+0002  7  3.500002E+0001
  26.500  1.3172E+0002  7  3.500002E+0001
  26.700  1.3258E+0002  3  1.500000E+0001
  26.900  1.3399E+0002  5  2.500001E+0001
  27.100  1.3500E+0002  9  4.500004E+0001
  27.300  1.3535E+0002  3  1.500000E+0001
  27.500  1.3661E+0002  6  3.000002E+0001
  27.700  1.3762E+0002  8  4.000003E+0001
  27.900  1.3853E+0002  2  1.000000E+0001
  28.100  1.3994E+0002  4  2.000001E+0001
  28.300  1.4070E+0002  5  2.500001E+0001
  28.500  1.4181E+0002  5  2.500001E+0001
  28.700  1.4292E+0002  13  6.500008E+0001
  28.900  1.4342E+0002  9  4.500004E+0001
  29.100  1.4433E+0002  6  3.000002E+0001
  29.300  1.4549E+0002  7  3.500002E+0001
  29.500  1.4650E+0002  6  3.000002E+0001
  29.700  1.4751E+0002  8  4.000003E+0001
  29.900  1.4862E+0002  6  3.000002E+0001
  30.100  1.4947E+0002  6  3.000002E+0001
  30.300  1.5038E+0002  4  2.000001E+0001
  30.500  1.5154E+0002  3  1.500000E+0001
  30.700  1.5255E+0002  4  2.000001E+0001
  30.900  1.5366E+0002  9  4.500004E+0001
  31.100  1.5477E+0002  4  2.000001E+0001
  31.300  1.5603E+0002  2  1.000000E+0001
  31.500  1.5729E+0002  3  1.500000E+0001
  31.700  1.5805E+0002  4  2.000001E+0001
  31.900  1.5880E+0002  7  3.500002E+0001
  32.100  1.5971E+0002  1  5.000000E+0000
  32.300  1.6047E+0002  2  1.000000E+0001
  32.500  1.6158E+0002  2  1.000000E+0001
  32.700  1.6259E+0002  6  3.000002E+0001
  32.900  1.6299E+0002  6  3.000002E+0001
  33.100  1.6400E+0002  4  2.000001E+0001
  33.300  1.6561E+0002  7  3.500002E+0001
  33.500  1.6652E+0002  9  4.500004E+0001
  33.700  1.6768E+0002  7  3.500002E+0001
  33.900  1.6894E+0002  7  3.500002E+0001
  34.100  1.6970E+0002  6  3.000002E+0001
  34.300  1.7081E+0002  8  4.000003E+0001
  34.500  1.7181E+0002  9  4.500004E+0001
  34.700  1.7297E+0002  14  7.000010E+0001
  34.900  1.7408E+0002  7  3.500002E+0001
  35.100  1.7469E+0002  7  3.500002E+0001
  35.300  1.7544E+0002  11  5.500006E+0001
  35.500  1.7660E+0002  10  5.000005E+0001
  35.700  1.7751E+0002  12  6.000007E+0001
  35.900  1.7852E+0002  12  6.000007E+0001
  36.100  1.7978E+0002  9  4.500004E+0001
  36.300  1.8089E+0002  18  9.000016E+0001
  36.500  1.8200E+0002  24  1.200003E+0002
  36.700  1.8250E+0002  19  9.500018E+0001
  36.900  1.8351E+0002  17  8.500014E+0001
  37.100  1.8477E+0002  10  5.000005E+0001
  37.300  1.8578E+0002  17  8.500014E+0001
  37.500  1.8704E+0002  15  7.500011E+0001
  37.700  1.8779E+0002  16  8.000012E+0001
  37.900  1.8845E+0002  18  9.000016E+0001
  38.100  1.8971E+0002  14  7.000010E+0001
  38.300  1.9107E+0002  25  1.250003E+0002
  38.500  1.9182E+0002  26  1.300003E+0002
  38.700  1.9248E+0002  18  9.000016E+0001
  38.900  1.9323E+0002  30  1.500004E+0002
  39.100  1.9434E+0002  27  1.350004E+0002
  39.300  1.9550E+0002  26  1.300003E+0002
  39.500  1.9651E+0002  24  1.200003E+0002
  39.700  1.9777E+0002  42  2.100009E+0002
  39.900  1.9877E+0002  37  1.850007E+0002
  40.100  1.9963E+0002  40  2.000008E+0002
  40.300  2.0053E+0002  37  1.850007E+0002
  40.500  2.0154E+0002  49  2.450012E+0002
  40.700  2.0265E+0002  65  3.250021E+0002
  40.900  2.0381E+0002  40  2.000008E+0002
  41.100  2.0506E+0002  72  3.600026E+0002
  41.300  2.0582E+0002  61  3.050019E+0002
  41.500  2.0682E+0002  67  3.350023E+0002
  41.700  2.0808E+0002  61  3.050019E+0002
  41.900  2.0874E+0002  68  3.400023E+0002
  42.100  2.0949E+0002  77  3.850030E+0002
  42.300  2.1035E+0002  93  4.650043E+0002
  42.500  2.1160E+0002  103  5.150053E+0002
  42.700  2.1276E+0002  106  5.300056E+0002
  42.900  2.1376E+0002  89  4.450040E+0002
  43.100  2.1502E+0002  98  4.900048E+0002
  43.300  2.1603E+0002  101  5.050051E+0002
  43.500  2.1663E+0002  106  5.300056E+0002
  43.700  2.1763E+0002  98  4.900048E+0002
  43.900  2.1864E+0002  95  4.750045E+0002
  44.100  2.1949E+0002  87  4.350038E+0002
  44.300  2.2075E+0002  121  6.050073E+0002
  44.500  2.2175E+0002  118  5.900070E+0002
  44.700  2.2266E+0002  111  5.550061E+0002
  44.900  2.2366E+0002  128  6.400082E+0002
  45.100  2.2477E+0002  126  6.300079E+0002
  45.300  2.2567E+0002  131  6.550085E+0002
  45.500  2.2667E+0002  107  5.350057E+0002
  45.700  2.2768E+0002  124  6.200077E+0002
  45.900  2.2858E+0002  137  6.850094E+0002
  46.100  2.2969E+0002  143  7.150102E+0002
  46.300  2.3054E+0002  132  6.600087E+0002
  46.500  2.3154E+0002  143  7.150102E+0002
  46.700  2.3254E+0002  131  6.550085E+0002
  46.900  2.3345E+0002  109  5.450059E+0002
  47.100  2.3460E+0002  138  6.900095E+0002
  47.300  2.3545E+0002  102  5.100052E+0002
  47.500  2.3631E+0002  107  5.350057E+0002
  47.700  2.3771E+0002  88  4.400039E+0002
  47.900  2.3871E+0002  90  4.500040E+0002
  48.100  2.3956E+0002  70  3.500024E+0002
  48.300  2.4082E+0002  67  3.350023E+0002
  48.500  2.4207E+0002  61  3.050019E+0002
  48.700  2.4297E+0002  38  1.900007E+0002
  48.900  2.4347E+0002  36  1.800006E+0002
  49.100  2.4432E+0002  22  1.100002E+0002
  49.300  2.4547E+0002  25  1.250003E+0002
  49.500  2.4647E+0002  15  7.500011E+0001
  49.700  2.4758E+0002  17  8.500014E+0001
  49.900  2.4883E+0002  10  5.000005E+0001
  50.100  2.4983E+0002  7  3.500002E+0001
  50.300  2.5108E+0002  7  3.500002E+0001
  50.500  2.5183E+0002  2  1.000000E+0001
  50.700  2.5248E+0002  2  1.000000E+0001
  50.900  2.5348E+0002  5  2.500001E+0001
  51.100  2.5448E+0002  7  3.500002E+0001
  51.300  2.5548E+0002  6  3.000002E+0001
  51.500  2.5648E+0002  3  1.500000E+0001
  51.700  2.5748E+0002  7  3.500002E+0001
  51.900  2.5857E+0002  1  5.000000E+0000
  52.100  2.5957E+0002  4  2.000001E+0001
  52.300  2.6057E+0002  6  3.000002E+0001
  52.500  2.6172E+0002  3  1.500000E+0001
  52.700  2.6247E+0002  5  2.500001E+0001
  52.900  2.6372E+0002  4  2.000001E+0001
  53.100  2.6472E+0002  4  2.000001E+0001
  53.300  2.6571E+0002  5  2.500001E+0001
  53.500  2.6671E+0002  8  4.000003E+0001
  53.700  2.6756E+0002  7  3.500002E+0001
  53.900  2.6871E+0002  12  6.000007E+0001
  54.100  2.6945E+0002  4  2.000001E+0001
  54.300  2.7030E+0002  5  2.500001E+0001
  54.500  2.7170E+0002  3  1.500000E+0001
  54.700  2.7284E+0002  7  3.500002E+0001
  54.900  2.7344E+0002  8  4.000003E+0001
  55.100  2.7444E+0002  4  2.000001E+0001
  55.300  2.7558E+0002  8  4.000003E+0001
  55.500  2.7643E+0002  3  1.500000E+0001
  55.700  2.7743E+0002  6  3.000002E+0001
  55.900  2.7842E+0002  6  3.000002E+0001
  56.100  2.7942E+0002  7  3.500002E+0001
